dN/dS,LRT,p-value,Log(L)
0.04594457880279208,725.3235350442801,0,-152.9947820831968
0.6528139885012408,38.3405339712217,2.970779733324491e-10,-937.9765176844418
0.3657103984108357,156.7246322165408,0,-762.0557477524942
1.129390666681122,1.687538997430275e-14,0.4999999481752788,-1.787459069646518e-14
1.191170879523469,9.929172110697436,0.0008133984378592141,-1783.15820805512
0.7268992499355124,25.17787578348452,2.613925031980102e-07,-1173.757084242549
0.9046203357482683,2.660993277218495,0.05141824920455701,-1389.037382524723
1.352370470154381,27.73729812934016,6.947878566920807e-08,-1841.678406566978
1.129390666681122,1.687538997430275e-14,0.4999999481752788,-1.787459069646518e-14
0.9281705794983297,3.819167204710538e-14,0.4999999220359481,-3.787031415289784
0.816724739016305,3.108624468950438e-14,0.4999999296613228,-3.423182415891891
1.131533744618314,4.796163466380676e-14,0.4999999126310625,-4.27915164620214
1.222222222222223,1.06581410364015e-14,0.4999999588138879,-4.560150097267281
0.7782809359002096,15.20513466930515,4.822041818830503e-05,-1228.708170650429
0.3786975370104556,157.0563976309834,0,-971.2682275936346
1.702994487038612,95.39107982672431,0,-1893.318805563613
1.399540737555736,36.76881309240071,6.650046624478989e-10,-1926.648901411884
2.316791929535313,7.070245388807308,0.003918726035803288,-60.44583660479525
1.25398472558235e-15,1.137840973139951,0.1430545017279472,-4.643000645600067
7.162425580827077,9.081946229387611,0.001290725887935884,-19.14978654346891
0.6247393217518129,1.25405096975399,0.1313900860909024,-28.6541517370485
2.763535943555461,13.67951672664745,0.0001084031976112954,-100.8399503396144
2.762082789042545,15.61531982658212,3.881157158963644e-05,-97.07899764793135
3.058272588181378,12.54714445409809,0.0001984061101936718,-140.8524145922068
4.645434193164688,28.17292433410421,5.547288600693534e-08,-90.37934058963803
4.209262227813523,23.71440194286581,5.587159740416681e-07,-103.9816453871203
7.964626583611027,174.408010599077,0,-288.8955129436323
1.22591871120758,12.49570294328532,0.0002039445626629832,-1671.3283473797
1,0,0.5,-4.643000645600055
0.2055516808472232,302.3305773685743,0,-966.8127136339519
1.305105034974205,20.96256491821714,2.341729794630432e-06,-2049.329896314847
0.6097822265604114,54.0173696265706,9.936496070395151e-14,-1216.757943502118
0.19235694695127,287.9282094816574,0,-618.1790964665845
0.2260101297807336,243.7935861317187,0,-808.7583649358671
2.830858596601366,10.7331876972643,0.0005261550616270094,-87.06043694658386
1.608434007620831,0.6479365877195278,0.2104256853590357,-22.52320838792949
1.574627682119812,0.6438827464207719,0.2111541429238426,-28.41089835089672
428.9877576176324,1.934315783777389,0.08214352446572021,-7.158353536953284
0.9978942724715496,5.329070518200751e-15,0.4999999708770209,-4.643000645600054
1.079427045756642,2.309263891220326e-14,0.4999999393756845,-4.602897309052818
0.9264174030945416,1.06581410364015e-14,0.4999999588138879,-4.113762521713109
1.075630595378817,0.004172050692350382,0.4742496607537311,-6.138806435646309
0.944460540847301,0.003082628944920174,0.4778615296830352,-8.810676641043003
1.894708077873945,0.3457608587307526,0.2782613353441549,-12.06912860971791
0.1621663951995571,315.219216038201,0,-846.3270381264899
0.7910523839975165,17.75352149675109,1.257258084919055e-05,-1475.443572771336
0.6299239679495983,32.68576636619537,5.416379678102601e-09,-1693.094383226964
0.3358446281126343,232.8562298240311,0,-843.5822214175222
0.5871173589753546,55.36455639355472,5.007105841059456e-14,-1441.591065539528
0.2280777802807844,3.584144006578903,0.02916673119191227,-21.11857724869467
1.129390666681122,1.687538997430275e-14,0.4999999481752788,-1.787459069646518e-14
1.129390666681122,1.687538997430275e-14,0.4999999481752788,-1.787459069646518e-14
0.5629334276824419,67.28205590865377,1.110223024625157e-16,-898.7360525609402
0.8729509356295349,5.396147969618596,0.01009062288343615,-1503.562157286947
0.7989452906779799,12.26190677070463,0.0002311494432999939,-1610.839433273223
2.423453845954726,337.814046792827,0,-2530.110150530645
2.146583150261022,215.8539978507979,0,-2547.68022765492
3.609738865575912,60.3066077656041,4.052314039881821e-15,-252.0538724423886
3.741358625422568,27.34270342761195,8.520311878257303e-08,-96.97702662965057
5.120422173893059,7.850062144736938,0.002540948018042222,-39.5500259000726
1.823139739785025,0.5974435107840108,0.2197775541725968,-17.02901775138515
439.534150141566,8.291652926779104,0.001991385989971783,-11.87147184911495
403.5984116953693,9.012958397687882,0.001340360791844408,-11.53452282279166
8.683078342624599,4.048475024261393,0.0221056331466879,-11.13010521083885
1.876489137965907,0.4703309176594601,0.2464174851914563,-9.149783126215022
0.4715994860342573,0.6126392506985319,0.2168979063649794,-11.81263378704749
3.347104088558948,3.094085901704126,0.03928863594989729,-19.42511474201885
0.8546676815200558,4.62537286370025,0.01575120676623998,-1353.33473928596
0.01285231479398265,567.0895864069668,0,-434.5086978405317
0.01390696924580896,520.4111161635835,0,-302.9267325776052
0.07746536800648174,437.9059497337059,0,-896.4665943839726
1.129390666681122,1.687538997430275e-14,0.4999999481752788,-1.787459069646518e-14
0.01542771214144216,467.0920594045781,0,-117.9387182491229
0.008840220888177291,630.8559011609443,0,-361.6374129666457
0.01930119638097608,549.9782105945803,0,-328.3771129719242
0.006553801484888544,577.5459752173387,0,-379.7965171795689
0.03577700612297977,509.4197726244063,0,-535.0897768876271
0.8242533262107757,8.484504295020088,0.001790920810948338,-1302.483089208417
0.3877632674018516,151.4902161239602,0,-1018.670508575764
0.07184399351719224,462.1966290736367,0,-419.6184566010837
1.078036180991892,1.486047999082075,0.1114153244933697,-1866.041964250295
0.3554878809745866,150.503428111542,0,-892.6195198801641
0.187797439325264,273.1171222812807,0,-708.5108627865008
0.01882598164098252,376.7111759013942,0,-846.9356224254961
0.0177904872375141,602.7162146639125,0,-443.305311218943
0.00310099074051805,620.8169772757274,0,-123.31434071418
0.02176089153480331,563.5735059841576,0,-422.5097800670771
0.01830885900996261,389.2051693280872,0,-259.8549414340552
0.2027767983628919,332.7687000307471,0,-573.2634065041952
0.0311804631335326,540.1642302673675,0,-395.7702192852589
0.4842083930210322,95.94616502589179,0,-1150.450518081343
0.2792112334013584,180.3134833384556,0,-554.5487646150857
1.396477258945064,40.19123427071099,1.151396200604893e-10,-2257.137664950615
1.296361956570216,19.31326067036025,5.546661950794896e-06,-1783.106814441471
0.006131698484972273,612.0811676760489,0,-478.9366149594718
1.171047727568456,7.441114059275151,0.003187520775153996,-1942.152891382676
0.005700051860026727,664.9706768629046,0,-211.3934770642902
0.015021060262081,598.1577264449973,0,-172.2190495703597
0.282382349213676,211.3913268982869,0,-1105.431241782671
0.003103127906213052,618.3023435875748,0,-452.8511218291244
0.01391456065169232,520.0907499575485,0,-329.5938899147459
0.07478119981872805,498.6854590991102,0,-303.2835771129044
0.00931389231649239,597.659787267283,0,-367.5766963833129
0.006202879652270309,609.9616703001733,0,-169.2075345726612
0.00963572258177324,576.1954800257404,0,-426.3707737469396
0.003272883984236893,588.8891966365356,0,-287.5027845386263
0.03826021565918498,469.1688584254026,0,-296.7425749809532
0.0409008591756571,593.0324060443293,0,-330.3225743167219
9.555848176237971e-17,602.358582864002,0,-393.8566871716721
0.6554655168868285,41.28988298152581,6.562322907299745e-11,-1244.933465166977
0.006550271990788568,577.7966049008152,0,-190.2076114961831
0.3136615203300667,155.7244062545153,0,-660.3127679563887
0.03381564634516433,539.3908716353351,0,-337.2441737626342
1.458116621763546,50.31871170879413,6.534772722943671e-13,-1971.402398350884
0.3618056707001618,117.6616674053789,0,-1120.988336328507
2.804502661847769e-15,6.469009649663271,0.005488584340741121,-9.791649995941135
2.203352546792336,260.3356461204621,0,-2274.137922903301
0.03932540576106617,537.9643806832438,0,-191.9561121469704
0.08836578951785068,417.6656515302916,0,-570.0639335135766
0.06285523594661739,425.7468681215654,0,-300.7706002565376
1.131732153244277,3.375077994860476e-14,0.4999999267087764,-3.860456908995975
0.02148208057647556,569.1329671032687,0,-250.4255960973964
1.03536519363659,0.3548573072680483,0.2756881607762411,-1778.795888050453
0.02374288928648738,587.6090412520127,0,-186.0778051852296
2.269969926313108e-14,3.997505701722924,0.0227838255974091,-6.180286620002083
0.2188964567780976,281.8266534255711,0,-930.9565107540067
0.1775072096049554,447.5351640229703,0,-484.7320837794125
0.4496947974760729,103.4631694734201,0,-798.32914909508
0.0270556386902086,567.0102516331174,0,-221.4194802085788
0.737111615682174,23.52542954871387,6.16368164507719e-07,-1506.395188574579
0.01087163803491152,845.9390388703621,0,-45.18214752481516
0.08717926795859111,422.897581335659,0,-594.2490877917734
0.4760647752046381,107.864843913917,0,-1144.654157197283
0.01171181970504079,469.7811178463119,0,-602.4268332390918
0.006521232742273975,865.0089209677219,0,-32.74941123389146
1.129390666681122,1.687538997430275e-14,0.4999999481752788,-1.787459069646518e-14
0.3337336979252028,198.5428800547613,0,-791.4063855801843
0.269208036763653,228.1238696165963,0,-879.232130715847
0.01906193303533637,649.5086268674046,0,-244.7974045547289
0.3902728399049384,151.8175732102047,0,-739.9889214754733
0.06413448536607377,438.5594452186619,0,-704.5083708313589
1.129390666681122,1.687538997430275e-14,0.4999999481752788,-1.787459069646518e-14
0.1458091638347448,409.8254250399209,0,-634.4698007295302
0.1781008737488975,203.3738594989047,0,-704.7038164828421
0.07667095042760318,516.8297929368036,0,-513.5168917684558
0.5284033495953769,65.1230789306444,3.33066907387547e-16,-930.9350698951185
0.1003282069029308,480.4453565794645,0,-770.6246894844129
0.09358177152582985,382.2230163852194,0,-745.4148772839412
0.006547632873099197,578.0399800458493,0,-257.1515260046057
0.01688084187308532,575.8362300155425,0,-165.1232629090354
0.02893690203081538,528.1317264717093,0,-415.6096992483169
0.3201411611273754,171.9932446316307,0,-886.2059962336973
0.1195821947651395,256.1064239918098,0,-732.911388594509
0.03831767540508934,468.3989241473673,0,-482.9536340586928
0.02303311917012317,533.1604018241268,0,-339.6099130740812
0.08589474469105288,398.5836551387354,0,-579.4749338833273
0.009306208949708076,600.0841000983229,0,-242.6383640989657
0.09705697088373455,407.947378727986,0,-717.9478381871202
0.1677676855237815,291.2802618740175,0,-805.5437979713664
0.05615812883835633,302.8246768539318,0,-620.7826686210141
1.456415415888486,49.44841439792526,1.018296558186194e-12,-2398.918588395635
0.01863617340440683,573.4445938950596,0,-452.5202057910431
1.899645130464136,143.9264394833863,0,-2698.647631528535
1.714488160871823,116.0959638881304,0,-2407.01902581246
5.507083289428544,1472.545414937369,0,-4428.244561420761
5.505580297220123,1512.270014202722,0,-4391.140166716612
7.332217707894739,2249.511252156872,0,-4502.255963759928
3.918122670013425,885.1422076002045,0,-4050.081039466243
5.280900820675259,1467.424888734025,0,-4127.024801016541
4.561180424082739,1140.957725864861,0,-4191.109499933205
5.45968731239205,1498.539383212943,0,-4386.556913461599
5.630589299089266,1459.278887334896,0,-4369.68012100651
5.648512807421354,1447.431346267942,0,-4059.319108621516
6.32413099691496,1622.137437788288,0,-4061.092991775148
4.965270250997767,491.388679141221,0,-1651.911773503143
5.32310181139638,474.9116465013094,0,-1389.223587074622
4.407785687662525,307.7553806688902,0,-1141.681998799848
4.825898852268378,219.6914647881595,0,-721.2989869051081
3.715142799504111,98.54885770309966,0,-469.6063776161965
3.84968532773396,45.88268566206671,6.277534048138023e-12,-219.0432551645742
1.753074174127455,1.049748746029877,0.1527824800264487,-24.46010993308357
905.8344640719308,8.452476812677361,0.001822733211241545,-32.4190399164405
2.064825005853895,2.041549335777077,0.07652684380820279,-23.51113134865634
408.5027696892981,1.091702249068565,0.1480471765698023,-8.106335541453358
1.12931992553335,2.753353101070388e-14,0.4999999338025864,-3.83908196255007
1.018112835698614,2.842170943040401e-14,0.4999999327433606,-3.859352071546655
1.131749356017972,2.486899575160351e-14,0.4999999370871746,-4.275251618204835
9.899298960392642,7.396819881029405,0.003266964307142795,-12.45916000966353
1.845034739647154,0.6399721036614032,0.2118604495306614,-14.22985026541653
4.169487570764866,5.820223981414742,0.007921463675997775,-24.84106405451185
1.348522722498023,0.4042308110606854,0.2624561694373245,-29.14799328504766
4.557814357379174,13.08749821937597,0.0001486365542239243,-56.66920856836805
2.218011290848105,7.280338249926047,0.003485670385543593,-87.96421519135532
3.634264371688829,20.38062668245584,3.173454691141053e-06,-101.1809810004694
4.024874862282748,34.05765481425982,2.675150656550329e-09,-149.6364168193956
5.305141225096865,63.4793396197461,8.326672684688674e-16,-200.1904252635799
4.478190147129529,59.44474435529224,6.272760089132134e-15,-198.4557367467126
4.009232803742222,63.67140794598231,7.216449660063518e-16,-264.9273747210773
4.094653151241634,556.8636125284656,0,-2077.810292801169
4.58911110079482,730.4451308595508,0,-2609.857178389992
7.709768680202977,1471.699773865287,0,-3124.508575743304
6.682983880096938,1438.36415937435,0,-3229.907355362899
4.412459293077654,1264.284834337601,0,-4055.340673019402
2.954022109901108,549.7092325167068,0,-2951.108633715979
0.9675234191248946,0.2993148298642154,0.2921561400303546,-1700.840450701397
1.418639531211091,49.36818738396323,1.060818100029337e-12,-2022.33421165974
0.8765558658621253,4.006266582538046,0.02266571264390177,-1373.772503660244
0.2147088998367597,287.0906591417897,0,-856.0336953976952
0.02001752536626406,567.5276826492239,0,-367.6020711320196
0.2262352289814158,234.7649551862635,0,-611.0449121607198
0.07184292104529343,483.9314687882927,0,-480.1576712820917
0.4176175418097834,133.9466926715982,0,-1027.559033655175
1.803046220605766,132.8069662733096,0,-2217.058753862553
0.2743280177992711,201.438046078302,0,-821.345006883917
0.3597361239377436,143.2384139026096,0,-831.9707216008816
1.691647611699034,103.3699938805694,0,-2348.011171245113
1.608921965050456,76.62017533708149,0,-2151.238155196468
1.375738971737827,32.43988774482386,6.146850306532059e-09,-1883.063830844517
0.4809893477772545,110.4494613654947,0,-1089.983079164744
0.5872801997408766,52.9024454176988,1.75248704437081e-13,-1235.952139079724
2.436940926416684,336.8567518394675,0,-2841.09635638525
2.191112365644841,207.61247652785,0,-2502.838637010312
1.221989717221923,1.243449787580175e-14,0.4999999555139145,-4.56015009726728
1.665429361252253,84.4045840193312,0,-2262.330894548817
1.277869224494218,19.12516097738808,6.121016126070522e-06,-2058.421084344837
1.222211978481976,2.842170943040401e-14,0.4999999327433606,-3.424287253341211
1.405939482495635,33.64745285139043,3.30306632045918e-09,-1674.492799526596
0.1291807542728284,366.2379989490173,0,-760.2041053696328
0.7611322805509039,13.84031490055395,9.950993008778219e-05,-1714.492107772054
0.129461222249005,394.202798573858,0,-574.0761472650602
1.129390666681122,1.687538997430275e-14,0.4999999481752788,-1.787459069646518e-14
0.411000513504396,110.5584679639971,0,-695.7524513381659
1.965732530541211,168.9331016874485,0,-2280.024296490077
1.208927483210843,10.40179564232085,0.0006294641644413734,-1749.620321437559
0.03832557595937076,597.3353336425135,0,-224.9321864838484
1.236343038299171,13.90439331038033,9.61741697850238e-05,-1660.334817388097
0.9008443287784403,2.780586474941174,0.04770661194915982,-1573.047422715178
1.478799557907179,49.61421660972883,9.357514763053132e-13,-1926.544129834186
0.7368432047127301,21.53346079772746,1.738542348250771e-06,-1379.779629317357
2.381559134641996,362.8059863220878,0,-2809.930812947488
3.434700209188249,808.5919339916836,0,-3302.691523566562
3.697018464107773,931.9751306954258,0,-3556.234286106445
3.342881231177097,714.4329763003916,0,-3321.184752202169
3.967597986867033,893.8373914213898,0,-3732.491822981069
4.179214547418457,742.8832322832413,0,-2762.934343192937
3.433306130027187,71.16552710161807,0,-308.5567761093432
2.80126608527039,43.69824350868544,1.915578806688245e-11,-280.2943754534653
4.004934533065577,70.86048560423268,0,-245.4590529524752
2.88794524145103,13.62300646192793,0.0001117153020470663,-71.00771684637363
3.79944756828111,14.91334516686032,5.62819420368843e-05,-53.1858395856942
91.77888583471197,16.80541031163655,2.070752906202511e-05,-33.00010766014734
415.9541903507137,12.18265663379561,0.0002411794870896267,-28.84795827851166
1.371372231414772,0.2648976493861213,0.303387596889971,-26.3366720066209
3.557174851610243,2.967478206565303,0.04247709556139767,-24.32083602024946
0.9167746359327713,0.01846796695262043,0.4459513937896293,-18.72617804594612
409.3419189177885,15.5089877705136,4.105694732325915e-05,-19.98306060977788
2.239755544413609,1.179855914955219,0.138692665206835,-17.24989657080088
835.8951601090678,2.758678718882969,0.04836404782115344,-20.03187067449964
0.6828104381688617,0.1326102415305854,0.3578704279116473,-9.927435818953979
0.581308833344899,0.2701343587027729,0.3016208288137971,-10.36672642906102
5.281343618439692,2.355773491184102,0.06240997997122122,-6.928234502326427
8.22406841493958,3.947840264442831,0.0234657823682799,-7.586189924969512
1.855230284090026,3.730349362740526e-14,0.4999999229478397,-4.186997762394632
2.333333333333334,7.283063041541027e-14,0.4999998923368455,-3.096641562493215
1.000833748687409,2.930988785010413e-14,0.4999999317005598,-3.859352071546651
2.333381552625727,5.595524044110789e-14,0.4999999056307619,-3.750828106739858
2.241409429914,5.506706202140776e-14,0.49999990638272,-3.42318241589188
2.241409429914,5.506706202140776e-14,0.49999990638272,-3.42318241589188
1.857163264180058,2.842170943040401e-14,0.4999999327433606,-4.275251618204833
1.000833748687409,2.930988785010413e-14,0.4999999317005598,-3.859352071546651
1.131749356017972,2.664535259100376e-14,0.4999999348790389,-4.27915164620215
2.241409429914,5.506706202140776e-14,0.49999990638272,-3.42318241589188
1.131749356017972,2.664535259100376e-14,0.4999999348790389,-4.27915164620215
1.996458958306426,0.5926483650099321,0.2206984179464154,-9.933795591370103
0.7071116936075094,0.1127773873247158,0.3685020040561177,-9.574930890006748
1.09482127575884,0.01124064634987221,0.4577824824730466,-14.07054442473331
6.877192027282704,5.299076389451727,0.01066836766206086,-19.05840701104115
0.752297054752235,0.1445803382375423,0.3518846689888241,-14.85427970658385
3.41360527278875,5.033452135266479,0.01243114736717121,-24.39264137521869
3.583515364201455,13.09029382667865,0.0001484148943354247,-64.90936184409239
3.912943994003147,20.41203348267044,3.121798084315675e-06,-74.1970820599557
3.519773661805745,24.73153462737292,3.294855541735586e-07,-100.8049182903539
2.920672592097285,33.08045008373063,4.421166988066716e-09,-194.497212719134
3.876876231164879,87.56001269181809,0,-364.2796165398815
4.251648151318503,195.9924264940123,0,-647.3009191642545
4.063173280438989,235.7369894808769,0,-887.8543757006526
3.904692927592389,434.3912144773039,0,-1556.144931504527
2.409261167133363,354.8866911338609,0,-3130.314804444914
0.5474300951860901,71.62796150152917,0,-1349.539107853043
0.158507935476136,224.308960622212,0,-874.2182636029039
0.7348191761524978,23.87057322096825,5.151739649877918e-07,-1385.772878478745
0.1299616685840419,254.5803731687158,0,-396.6698712917417
1.122115407633689,3.76142967434771,0.02622385803584626,-1630.358027743481
0.5687187277945578,62.20662384256775,1.554312234475219e-15,-1131.034905258516
1.857917219786195,4.529709940470639e-14,0.4999999150926547,-3.839081962550061
0.3343369261628871,160.9687341606852,0,-921.6622340833676
0.0666368613972837,374.8891173725635,0,-787.9624428884725
0.1038237819352974,410.6020730152609,0,-678.0806485386873
0.01970384833867135,541.3887458056028,0,-247.7767152290191
2.333333333333334,4.618527782440651e-14,0.4999999142642708,-3.532811218147985
0.03680083162249209,471.7557743068568,0,-503.344792282844
0.7589891890531317,17.71017665642376,1.286233382147284e-05,-1278.718897295486
1.154345788819449,5.490511678243365,0.009559973266580868,-1928.515888963407
0.2839596775264697,227.7041760890129,0,-1156.126069898268
1.129390666681122,1.687538997430275e-14,0.4999999481752788,-1.787459069646518e-14
1.129390666681122,1.687538997430275e-14,0.4999999481752788,-1.787459069646518e-14
1.129390666681122,1.687538997430275e-14,0.4999999481752788,-1.787459069646518e-14
1.129390666681122,1.687538997430275e-14,0.4999999481752788,-1.787459069646518e-14
0.0131348386411089,557.7929644187182,0,-333.0056378696584
0.02681492496530299,509.7070021982548,0,-282.173800970042
0.01640196256908723,550.0793796276018,0,-588.5841215506653
0.04151781305483378,541.1981285864343,0,-252.375139359618
0.04584623542542866,556.1450990203215,0,-333.5395209386351
0.1636907505509468,269.8921512431612,0,-477.9392638797846
0.009322669374839195,599.080617202107,0,-181.88663286529
0.4649949977909483,105.5301346113642,0,-1036.292136186402
0.009843222656142056,567.2061191951573,0,-556.0385858733442
1.129390666681122,1.687538997430275e-14,0.4999999481752788,-1.787459069646518e-14
0.02179265383996048,562.6909137070405,0,-245.4618188830286
0.0206458540580954,596.6685822929167,0,-461.0689911259337
0.2533303948723135,236.5200665435159,0,-557.2847194063312
0.03425203639229531,534.1946728319812,0,-501.1787995147063
0.2570941528546218,222.1227011874664,0,-730.393867814136
0.2115424425375206,191.018384676647,0,-891.3086149979835
0.1713298086057951,290.3650838129813,0,-923.4305741493064
0.009320729900938775,599.059550664846,0,-267.1813084040573
0.7768748443505362,15.58865685706132,3.93627263439722e-05,-1769.826427937913
0.7838070300143718,15.7982060574127,3.523464600740933e-05,-1353.066921488831
1.654503564328093,82.98055573736565,0,-2430.214060857262
2.269969926313108e-14,3.696037828189327,0.027270920594475,-4.258098922611322
0.04470285998706727,537.0217171760762,0,-514.0198727487926
0.5073597057268596,90.49248096408974,0,-961.3070281143424
0.006240079501099205,603.5646158785513,0,-461.6035167224011
1.129390666681122,1.687538997430275e-14,0.4999999481752788,-1.787459069646518e-14
1.129390666681122,1.687538997430275e-14,0.4999999481752788,-1.787459069646518e-14
1.020654100585766,0.1027193962240744,0.3742951699598053,-1565.793017743977
0.01891669054446829,561.9892630115587,0,-443.4932675568883
0.9052247168559711,2.474563668578867,0.05785077385494541,-1494.085198627145
0.01552792090203347,581.64858684923,0,-442.8291452240579
2.634874312394794,396.8581031478907,0,-2849.717781822621
0.1303497839511744,386.4514097043264,0,-409.5697008170227
0.05155931369453148,482.2232727199064,0,-566.2986029948877
0.02688511307712743,635.8737994231678,0,-514.6619293795939
0.1989529050548891,261.8675953414042,0,-580.011781632614
0.05809077525364854,469.9618186762849,0,-422.2621263514145
1.129390666681122,1.687538997430275e-14,0.4999999481752788,-1.787459069646518e-14
0.03497345288277515,473.2673249505941,0,-319.1567299210387
0.02606581943860133,601.2433376787211,0,-180.7576679746289
0.01273521594500421,572.6611776740375,0,-391.5928031231055
0.03023224715339576,501.5721657144779,0,-365.2663309297401
0.634268101259381,43.3014773977925,2.346145500098373e-11,-1348.149323568798
0.009837283134684882,567.5499890251132,0,-221.4148260233687
0.0871985322615863,422.851549215786,0,-681.1303634944553
0.117555837528086,377.593400385103,0,-891.3673030990726
0.1017096727829938,281.571200245399,0,-456.4770132660108
0.006957906546169767,538.21384534028,0,-355.0218591908887
0.07824127543562046,361.2495447603862,0,-424.6262661382908
0.03734243999595713,351.7073603656113,0,-1133.742126492639
0.02822624899340626,363.8610187273764,0,-840.8200766576526
1.129390666681122,1.687538997430275e-14,0.4999999481752788,-1.787459069646518e-14
0.009014070804891777,615.7344324394893,0,-141.8734945300487
0.005876375624164255,642.5795913000592,0,-497.3283632309287
0.01341075085940296,676.1412913208883,0,-484.0716027087836
0.2326513521374598,174.4277154631736,0,-905.9076568990236
1.129390666681122,1.687538997430275e-14,0.4999999481752788,-1.787459069646518e-14
0.1615648844396471,334.4939036573934,0,-500.8938942980779
0.2220185401298011,274.5172628192454,0,-614.7061335573803
1.509809465521758,59.48924781895857,6.161737786669619e-15,-1947.381814870075
1.089629179678905,2.221926710796652,0.06803158249503483,-1935.351097722265
1.821165116736372,2.123961358593093,0.07250552577519825,-39.15292589364631
1.129390666681122,1.687538997430275e-14,0.4999999481752788,-1.787459069646518e-14
1.129390666681122,1.687538997430275e-14,0.4999999481752788,-1.787459069646518e-14
1.129390666681122,1.687538997430275e-14,0.4999999481752788,-1.787459069646518e-14
0.7481460951753978,20.12162786945601,3.633512527856375e-06,-1156.661672365688
0.7468295463537868,20.46709951266939,3.033256419426866e-06,-1338.404244681814
0.2483087654900893,228.2984544827536,0,-841.1542522421031
0.2085033941799212,276.4519423958038,0,-685.4843447581738
0.1847269334144377,272.0908689718271,0,-680.0248014774074
1.205218815176125,10.69502229561203,0.0005371208942021033,-1941.880709166892
0.06677411326686374,482.5555165807588,0,-449.7928113495651
0.8192900774734537,8.864540945741737,0.001453816802388486,-1548.524374371467
0.8962215145724185,2.693675112698202,0.05037360127597384,-1977.479085300372
1.322732477447051,27.60226233438289,7.450219374760536e-08,-1926.895204065572
0.08776018896582916,448.6972174831665,0,-305.2285950662991
1.487276594471159,54.81955026970081,6.605826996519681e-14,-2066.886558077224
0.2823683354703755,197.372808310733,0,-694.8443760415927
1.239978197494498,13.30116360910961,0.0001326207268776969,-1771.110146633793
0.0265441621094414,577.96078287553,0,-219.7850654597405
0.1141171569104542,412.6152589176534,0,-364.9473849475429
0.1138147772263129,383.5804638949817,0,-717.2298750048463
0.5622661242494115,61.08854788266308,2.720046410331634e-15,-1235.965779721894
0.302957591904956,160.3694568935148,0,-1085.576867090459
0.9547426165331173,0.5838545424480799,0.222402708575389,-1934.938287166369
7.199910937405837,2.688228743032397,0.05054606657211452,-14.62211305124141
1.765638204642422,0.1283448613112466,0.3600771768713438,-6.74351068827526
2.054348835559963,211.6051984020578,0,-2460.413137309069
1.418889977966251,37.81501826669592,3.8890335396502e-10,-1944.956973646416
1.129390666681122,1.687538997430275e-14,0.4999999481752788,-1.787459069646518e-14
0.5041803331482914,87.38766247096191,0,-943.5895399647956
3.375674192790283,724.0857228125278,0,-3188.055275981715
0.03298621022744806,499.1440291958401,0,-351.1823069477546
1.464127400096522,48.69783848095722,1.492972412364679e-12,-2201.485495872856
0.003103882736735271,619.9275797842879,0,-332.5621615431645
1.156638763174984,5.842547077492327,0.007821582747958078,-1509.594397566528
0.1857448189409599,296.6191779465059,0,-920.2670472105739
1.667964227002338,100.0862077613074,0,-2207.617803286449
2.269969926313108e-14,3.056826163357252,0.04019928423533498,-5.375153957186747
0.1495532201073356,359.0970930188873,0,-663.8677407004132
0.1499671249495187,358.3599468687248,0,-576.0341213387431
0.2300594641343712,236.3757158085341,0,-623.8781141857081
0.2776013328847665,212.9174132181092,0,-1119.524436527881
1.102641540897441,0.01438341188101333,0.4522689579257079,-10.22362471869882
1.089734766409535,1.923491991086848,0.08273610801542569,-1544.671780622818
0.6955425733583417,34.34883852275743,2.303376045453831e-09,-1449.581900241367
0.682940762833708,33.16791629606541,4.226693883779831e-09,-1270.677724202635
23.06161931823611,37.01840333070572,5.850976925181328e-10,-93.33195727283534
0.7945922115991365,0.256702457435523,0.3061973579312922,-36.13230898443404
2.125868925921066,1.131123814356101,0.1437678771171274,-21.31036986477463
1.22390106299109,4.263256414560601e-14,0.4999999176277758,-4.277661751820633
1.542992524407753,68.5198151288032,5.551115123125783e-17,-2403.874521205055
0.6953137056183419,30.74859964431971,1.468578642027651e-08,-1327.356018749612
0.2886286166933238,202.9632454411847,0,-814.6196304755422
1.079427045756642,2.842170943040401e-14,0.4999999327433606,-4.550846761792535
0.05219861504472904,504.8884200212374,0,-658.6367771590951
0.8133328841390436,9.133282013487587,0.001255005213332161,-1357.192980982085
1.038043522223293,0.3871282089048691,0.2669064064473715,-1499.921180038068
0.9232321264630853,1.4210854715202e-14,0.4999999524423742,-4.481511549108318
0.6814985672576203,34.31350059456508,2.345581062712654e-09,-1472.691012521734
0.8218789422237955,7.984030741887182,0.002359587696125542,-1185.939326813469
0.7831435739746265,13.6682010733648,0.000109058397922468,-1174.895808838415
0.5496407359570861,61.04117146029421,2.775557561562891e-15,-1080.961429043696
1.129390666681122,1.687538997430275e-14,0.4999999481752788,-1.787459069646518e-14
1.129390666681122,1.687538997430275e-14,0.4999999481752788,-1.787459069646518e-14
7.412024487708399,8.754180724211992,0.001544465541931772,-17.49563994521729
7.339148031514918,12.24102992714496,0.000233750085582185,-29.46627463979294
0.9104500250534087,2.100976519124742,0.07360254903745561,-1507.71478574974
2.64949367915406,463.1977143878075,0,-3357.719848842061
0.3081907486642331,207.5157651046807,0,-696.3340030250721
0.4645522012986196,110.7054120367313,0,-839.5448419926663
0.04449787333486363,502.0427720830692,0,-394.5898583539789
0.8568305434329931,6.900330040442896,0.004308991933215711,-1684.852729085289
0.09191025116477121,449.5709349775628,0,-356.1118497318143
1.956934671372399,4.707345624410664e-14,0.4999999134438145,-3.371322121656257
0.01555519851066234,578.9048458245986,0,-243.4404628490141
0.8118590559137338,11.64159590416466,0.0003224662381162147,-1413.175632521996
0.003102259820620243,620.2603209519907,0,-309.068870914388
0.5799207698966498,61.90173512837737,1.831867990631508e-15,-1405.023409532246
0.8064898370270449,10.54205138976067,0.0005834441631761278,-1572.514034653297
0.7631661345570935,0.05930297755082314,0.4038005118412855,-7.978336282720027
1.129390666681122,1.687538997430275e-14,0.4999999481752788,-1.787459069646518e-14
1.129390666681122,1.687538997430275e-14,0.4999999481752788,-1.787459069646518e-14
1.129390666681122,1.687538997430275e-14,0.4999999481752788,-1.787459069646518e-14
1.129390666681122,1.687538997430275e-14,0.4999999481752788,-1.787459069646518e-14
1.129390666681122,1.687538997430275e-14,0.4999999481752788,-1.787459069646518e-14
1.129390666681122,1.687538997430275e-14,0.4999999481752788,-1.787459069646518e-14
0.7451583200445788,23.28730470509754,6.975893900862395e-07,-1381.259827704765
3.719593413071526,880.4918520680249,0,-3013.125986445762
4.805110212876475,1307.127271352118,0,-3453.654474696101
4.26070042565582,1087.004622377602,0,-3437.421805095272
1.286584774429969,20.60554903061166,2.821615431691793e-06,-2136.871435697606
2.873386405257186,525.8166484088433,0,-2936.111376673939
0.4743005173397157,91.8064363556573,0,-1202.212753157468
3.249452655150822,638.2877212646217,0,-2890.328131108892
2.925679768081474,487.4369414856474,0,-2817.702103805029
0.7033443071768379,28.20808579890263,5.447424078486307e-08,-1160.293528810611
2.133640653257623,234.4569712266393,0,-2755.938599479984
0.9999600007999838,1.77635683940025e-14,0.4999999468289579,-4.275251618204836
3.984751570010103,960.6049977661205,0,-3157.802472923846
0.3795215900739309,134.2295617241507,0,-825.2466953418142
0.06403860205423804,299.2819452117694,0,-530.9177058658568
2.675386398948246,424.7903960251742,0,-2563.957542594207
0.6022600840670462,0.5548588379576032,0.228169571925554,-11.95696197660412
28.05496056196595,19.67812151698304,4.582231184713237e-06,-34.65215371993777
108.3870155941862,2.746155764337018,0.04874428224770988,-23.01347800961749
1.508291069581045,0.6173045544566378,0.2160253487621213,-21.35848083762702
1.260297986432096,16.79154231541406,2.085941481494435e-05,-1793.118355462813
1.296835992344393,20.31235365228076,3.288726632300065e-06,-1870.49210409547
0.6710859834739347,36.31356224732599,8.399538842240872e-10,-1412.935625360286
2.901597607135429,536.1054891717567,0,-3179.752454064769
1.240213213322972,13.07890162577041,0.0001493202597701582,-1822.791517469377
2.864069360586818,99.85433336344954,0,-616.8447516923289
5.483107268633053,16.41280298035805,2.546999903452196e-05,-50.36012481262674
21.45675306528931,8.312490217004949,0.001968668588078704,-47.04051702613302
3.43623368641875,13.35062938913293,0.0001291679543009017,-84.64060216196556
1.632525736203634,3.930685954789823,0.02370630058200002,-121.7615547249342
1.265734803737663,15.58276412839041,3.948559450539513e-05,-1797.044117380594
0.9080020189528785,2.134091395345877,0.07202789800008874,-1533.84836308868
0.1447353705359428,369.790637671606,0,-462.5761212093291
3.762485149645581,857.9958861858422,0,-3343.18438662743
0.1373061065382962,377.3004716964737,0,-498.8754398095552
3.795284745354668,2.182432432686277,0.06979684175165413,-10.84566868364495
1.129390666681122,1.687538997430275e-14,0.4999999481752788,-1.787459069646518e-14
1.129390666681122,1.687538997430275e-14,0.4999999481752788,-1.787459069646518e-14
1.129390666681122,1.687538997430275e-14,0.4999999481752788,-1.787459069646518e-14
1.129390666681122,1.687538997430275e-14,0.4999999481752788,-1.787459069646518e-14
4.212818674045092,16.87412178777662,1.997122582986233e-05,-63.6422025810217
3.064044256544402,583.7547722221225,0,-3265.824160043507
2.760888288023333,445.7027172609987,0,-2781.741745105372
1.372781876050289,30.69808909728908,1.507308933224039e-08,-2049.889849420633
0.748966584734992,13.98643551490977,9.206713196535654e-05,-1002.560141956373
0.005899342679934097,639.9198128044204,0,-476.2972519761266
0.008172196145604915,682.9340025223123,0,-452.5258069606303
0.7155479717453626,21.58530765155911,1.692172372613765e-06,-1215.558579920599
0.5096657893277772,80.57787770494701,0,-995.1756771610873
0.8064182754545383,10.71495218563905,0.0005313660226946015,-1248.976393250334
0.6506536881904232,43.20334955921862,2.466810089529758e-11,-1354.102263948733
0.1067682658899459,443.653271645348,0,-528.8568317578375
0.5326412089729012,87.48070141748167,0,-1461.063788248015
0.06000853887525139,505.1870300495672,0,-337.166122494025
0.144261471716906,364.1380426547362,0,-608.6597848968288
0.00310481259322887,619.9798927379452,0,-151.4309064644885
0.7657951288015779,16.60061502690678,2.306802891471893e-05,-1200.883543598484
1.129390666681122,1.687538997430275e-14,0.4999999481752788,-1.787459069646518e-14
0.009161147666655598,607.5438938614359,0,-465.9682058872728
0.02152145804055613,567.5882602149584,0,-358.3147402928892
0.01483007439423387,610.8744671880521,0,-323.9799514333985
0.01779989594026577,603.1811317524371,0,-312.7347479607063
0.06576343426344375,381.3754871752136,0,-417.9827287162685
0.003103896668035402,619.813105583964,0,-438.8110656000531
0.5064440324885965,91.81136711091995,0,-1140.677692523486
0.401256539902851,121.6683068173138,0,-910.52584948647
0.9090630507038001,1.910061914675225,0.08347819065395262,-1305.196336195991
3.870875420446567,892.4623834733293,0,-3293.139662348205
0.03316994393303361,354.849697250934,0,-887.5498629548991
0.03564823132152532,558.4980355972233,0,-363.6512779905308
0.4835183240421211,98.95508419129601,0,-1188.92095434366
1.669914767492471,104.6622763435562,0,-2581.709787722413
1.487450633395891,46.92674684034773,3.684497151823507e-12,-2439.036936470505
5.560362572149844,1576.681046895603,0,-4195.063975954083
8.536934344286605,2518.294828603319,0,-4442.367415648406
3.599955473974086,699.4586572966928,0,-3429.244775533627
7.130013755790597,1868.626483669261,0,-4017.179958342559
6.642307979042657,1528.864349339993,0,-3779.571567535413
6.563314768086281,1314.525670273814,0,-2886.964967101981
9.36749447591777,1051.779043414453,0,-1883.252659983242
7.454310175517704,358.207694257565,0,-775.0674448055183
8.875008003323195,259.298289532779,0,-492.0794378155499
9.365413092260209,154.5440955943527,0,-277.0951000232326
5.072398647900934,22.28964993510496,1.172334800569885e-06,-65.03453465032091
38.62174759170101,11.26358937099287,0.0003952111152957793,-19.5869505735322
436.6815201779416,8.919416106895163,0.001410773530520382,-11.04649287290215
1.188885850893407,0.04732089145208462,0.4138962406478716,-13.26009278255699
2.590606129940025,2.572645297437099,0.0543628912504856,-26.10678159206477
2.519814307715872,4.257716687340675,0.01953620287119867,-35.50263293261408
4.899044700679234,21.61181911612863,1.66894305753118e-06,-72.66786823011263
23.49657376974248,69.0659589804884,5.551115123125783e-17,-130.0308571148753
26.93962101661113,71.68400900331096,0,-161.8944517523985
11.02462607986907,633.9689040335952,0,-1085.084204743727
6.849703244976698,1153.752090929251,0,-2583.609991147886
8.977215865792592,2054.38062930977,0,-4070.714318899029
6.86121280448279,1633.644190400924,0,-4025.011277988747
8.26671429722753,2290.501674881723,0,-4398.170067164921
8.778023168269931,2229.015222968341,0,-4438.006163261507
2.941249512321212,514.8418038528143,0,-3478.850207688456
5.489434412619857,1584.909002062188,0,-4189.982682336476
0.2995373653326911,192.2923607110909,0,-962.9163842885229
0.9180262982761297,1.744929402815615,0.09325772451058112,-1625.51897003415
1.129390666681122,1.687538997430275e-14,0.4999999481752788,-1.787459069646518e-14
0.3973439388765524,129.0634877153229,0,-1222.630706382853
1.021303947284884,0.1180983017566177,0.3655531286826784,-1658.618534245516
0.03741361778589813,528.439452373284,0,-587.3393491493509
0.5349882394100605,74.35444812016794,0,-1091.518026934965
0.0323044211908474,566.1597303898881,0,-178.0987109095905
0.4049237289901169,123.6730322850071,0,-875.0099129481121
0.03914592044424269,417.3997321429359,0,-319.942052604378
0.4356318943246931,111.9336633624539,0,-993.227828807477
0.5204860208710357,85.33173464721972,0,-918.0023931045786
1.129390666681122,1.687538997430275e-14,0.4999999481752788,-1.787459069646518e-14
0.2064755660620773,294.1275223264677,0,-803.3584431314579
0.3653462496668006,213.1753596108297,0,-1069.775205192309
0.0806594931443725,336.3335711859119,0,-146.5967817787712
1.129390666681122,1.687538997430275e-14,0.4999999481752788,-1.787459069646518e-14
1.275393148761626,18.90453662135451,6.871273540209888e-06,-1725.795749284611
0.2403084749133834,246.2711462408956,0,-701.4121054764713
0.05751574430837572,475.4216251121892,0,-494.2687766960188
0.02177705195875679,563.1241610210874,0,-308.472713513731
0.2518108071252326,341.5995035623991,0,-599.3600197475748
0.05026739246437695,404.0488986223356,0,-282.4685415462103
0.1317479383962504,373.7521628171683,0,-594.6323654906685
0.1321882600241243,356.6690639596497,0,-519.3192018490761
0.02624242999409816,527.1196517220179,0,-473.3224065140902
1.129390666681122,1.687538997430275e-14,0.4999999481752788,-1.787459069646518e-14
1.129390666681122,1.687538997430275e-14,0.4999999481752788,-1.787459069646518e-14
1.129390666681122,1.687538997430275e-14,0.4999999481752788,-1.787459069646518e-14
1.222244305603365,4.263256414560601e-14,0.4999999176277758,-4.277661751820632
0.1183968924774958,358.858194228354,0,-749.2193298731257
2.821684911958551,486.0800504165418,0,-2934.85211571803
0.02878296376948651,531.1154051802953,0,-376.1857372987558
2.476314397288064,329.7207225631801,0,-2673.12724700945
1.129390666681122,1.687538997430275e-14,0.4999999481752788,-1.787459069646518e-14
0.08027325198285533,434.6770966271743,0,-441.5348518440675
1.933935345117823,164.9373327384956,0,-2378.35942307002
1.86292812128938,3.552713678800501e-14,0.4999999248047912,-3.697862975054917
2.333333333333334,4.884981308350689e-14,0.4999999118258018,-3.4242872533412
2.670539296019252,368.6454163190374,0,-2475.311434338459
0.01849755085335494,385.4146978172078,0,-278.6171583034574
0.5861990083893105,60.46981455586001,3.719247132494274e-15,-1468.935276978452
0.04716691850572535,468.1740251623019,0,-447.9190900657539
0.02088038685945507,503.8221547956628,0,-264.8416169528226
0.01226414310540658,596.4689984394886,0,-555.3898741386203
0.6386387710653352,29.13150747071541,3.381408508751349e-08,-1714.444899474397
0.7235118536115386,17.22081002871755,1.663855777878087e-05,-1692.442154592087
0.1001082583010047,273.4047837318399,0,-745.2285116926465
0.9226388779850256,1.563428455767735,0.1055819668733552,-1358.136669578078
0.1668205200391538,306.1358088081856,0,-847.7305270148556
0.03298742222846102,608.7267307271042,0,-213.8568300811389
0.04590779638281645,521.2546560881185,0,-772.3457057034376
0.1775664149274969,324.186108553376,0,-1465.554694308943
6.214377815202029,705.4599893726077,0,-1723.33545513189
3.946548281938843,141.5066055739817,0,-571.1667283817491
3.437620285931389,33.62868166741993,3.335095366541196e-09,-173.6461322463994
3.023988795683725,12.84907714185181,0.0001688228613561105,-104.6868488591461
5.200157465532502,17.92331960405276,1.149929059823807e-05,-46.31290439794402
3.963065026005224,5.895392103307081,0.007590274701932131,-23.72774550557314
12.15843269882947,4.101090280805874,0.02142778461253608,-10.94108849087439
0.6279099103381197,0.1769909533225906,0.3369860115520571,-9.09692881094765
1.222235929100162,3.286260152890463e-14,0.4999999276795639,-3.839081962550068
1.186335782923423,0.02148939950910034,0.4417267851707071,-6.350958034015482
424.4285799429009,3.083050044169923,0.03955601947269971,-11.97472761069453
7.874027082461708,15.85147058515739,3.425663635570064e-05,-35.27302888831526
4.922393000773972,32.95207513061496,4.722943425239379e-09,-107.754525617727
6.382799804546952,123.3061299004457,0,-315.9415547314986
2.642767995506107,92.52355677868491,0,-746.4735783146207
6.721396458726171,1911.404192282975,0,-4504.819937859812
5.581875034348439,1464.670261374538,0,-4516.862094911436
3.041925254700663,575.1660647340059,0,-3837.776951659117
8.915741214008417,2493.739163684928,0,-4762.689753274344
2.788135189736067,432.5364558012106,0,-3546.440464972174
0.1008235718708035,416.1245477637146,0,-704.5552683530933
1.645799155304294,84.02946361253498,0,-1996.528382580574
0.0536294685100426,519.6937801568339,0,-473.4900956672968
0.0224634828276373,542.2623754077954,0,-367.5069369427428
0.01967234441591494,542.3952132909867,0,-502.0876640794849
1.124030400407706,3.982218117828779,0.02299148627752218,-1694.094350582867
0.01596834604678778,562.1248957427501,0,-306.8545431099571
0.003190375871844053,600.3076562395986,0,-284.7456084306255
0.7394198634193866,23.79975695771736,5.344797900930232e-07,-1338.42851782025
0.04145413039544754,740.1642612170278,0,-134.2657074045411
0.7168420598068521,25.90208035965043,1.795909214674651e-07,-1367.572186700822
0.111041404312325,454.5307070100773,0,-685.1754392447162
0.02406731536881689,573.7465665332561,0,-227.2435661610134
0.03207122629185416,519.8088465682564,0,-273.3531876374754
0.1713574071848174,376.5781939813252,0,-437.1643775806951
0.02765784318086429,553.7757851367902,0,-200.3306986872105
9.555848176237971e-17,394.7724712082303,0,-491.531348095693
0.01157182275776194,475.6110176714348,0,-344.315428861254
0.08643328754329285,393.0986304719452,0,-394.6025420026315
1.129390666681122,1.687538997430275e-14,0.4999999481752788,-1.787459069646518e-14
1.129390666681122,1.687538997430275e-14,0.4999999481752788,-1.787459069646518e-14
1.129390666681122,1.687538997430275e-14,0.4999999481752788,-1.787459069646518e-14
1.129390666681122,1.687538997430275e-14,0.4999999481752788,-1.787459069646518e-14
1.129390666681122,1.687538997430275e-14,0.4999999481752788,-1.787459069646518e-14
1.129390666681122,1.687538997430275e-14,0.4999999481752788,-1.787459069646518e-14
1.129390666681122,1.687538997430275e-14,0.4999999481752788,-1.787459069646518e-14
1.129390666681122,1.687538997430275e-14,0.4999999481752788,-1.787459069646518e-14
1.129390666681122,1.687538997430275e-14,0.4999999481752788,-1.787459069646518e-14
1.129390666681122,1.687538997430275e-14,0.4999999481752788,-1.787459069646518e-14
1.930056262726119,5.329070518200751e-14,0.4999999079050536,-3.371322121656258
0.02325154204462417,449.6458965131064,0,-369.6886658609701
0.0171724794446139,516.5682921434393,0,-276.0581429290627
0.06834408592399793,449.8267405132867,0,-493.0838709581902
0.1069095563419278,393.7937695168465,0,-447.2447138371331
0.8129180059257376,10.02973573489953,0.0007701656732161388,-1295.251259550786
0.4534500963768028,103.9864620518701,0,-887.6201260480502
0.2739155848089756,219.3225154308593,0,-949.2821857093877
0.006568615707153225,576.1117861955335,0,-290.9526866940285
0.2484784239340654,164.9081788457252,0,-875.0114813689263
0.01593047620666043,563.5747116499691,0,-334.4502355750004
1.221124462477129,12.10899045908036,0.0002508964763830446,-1544.237927453194
0.02178689733562377,562.8331434092593,0,-333.8849215441114
0.003277883397800544,587.9720568625301,0,-383.0651304386131
1.131397419666104,1.598721155460225e-14,0.4999999495575204,-4.246983469899991
1.22506535978903,3.730349362740526e-14,0.4999999229478397,-4.96805160461719
0.184446085675732,275.8124455171201,0,-866.1698398202973
2.118118033808404,220.5612174021453,0,-2312.18188752859
0.07213604785710669,459.7812111777843,0,-377.6968083266677
0.6099569356454597,47.13136242686278,3.319233776721831e-12,-1205.176647895237
0.0155701925762707,575.5887400172874,0,-343.2697920536564
1.129390666681122,1.687538997430275e-14,0.4999999481752788,-1.787459069646518e-14
0.1044961654375908,392.447385554796,0,-400.4281758978957
0.06781584040030064,453.226119157683,0,-340.1134140128323
0.003214559584877073,595.9047184073565,0,-226.8000476571344
2.088359270496381,2.121305560397658,0.0726313353581266,-31.33118299093881
1.104189639477997,0.007244183801278226,0.466085868650516,-5.986329069504656
1.129390666681122,1.687538997430275e-14,0.4999999481752788,-1.787459069646518e-14
1.129390666681122,1.687538997430275e-14,0.4999999481752788,-1.787459069646518e-14
1.129390666681122,1.687538997430275e-14,0.4999999481752788,-1.787459069646518e-14
1.80374535335185,4.618527782440651e-14,0.4999999142642708,-3.424287253341202
1.339598718863388,0.04855121532349571,0.4128018599248615,-6.943167790150984
3.101564734493442,7.429991808116341,0.003207281691024855,-33.24778152642121
0.3382236913225986,160.3983971939592,0,-1050.83836660297
0.05782870507190552,471.1042928514399,0,-269.5249884252499
0.1365237574199807,369.5614011077212,0,-593.1808928384801
0.08988252643601637,388.6539741574336,0,-300.2672641879504
1.129390666681122,1.687538997430275e-14,0.4999999481752788,-1.787459069646518e-14
0.003208140451780662,595.3280742363523,0,-172.2457030629868