dN/dS,LRT,p-value,Log(L)
0.01772023836493345,304.5761842460706,0,-88.01519166199708
0.0179316602645849,200.0904822542734,0,-522.2595794041627
0.03865260603236159,253.4808623025831,0,-152.9631264608167
0.05366788225740834,288.4555565111636,0,-148.8272606834009
0.03798828832149684,216.8438953129398,0,-105.3858598258358
0.01924351707563724,186.6211952201294,0,-23.80415486779043
0.03578126557141673,186.1051952449139,0,-476.5117221364175
3.17603086687411e-16,334.8850388654786,0,-295.4341676911951
0.9025462679117872,1.123394263667706,0.1445943767294803,-1358.343598837197
0.05628377927241981,243.7597520820506,0,-338.7797018287566
1.188244525321351,5.15259717421668,0.0116058152310835,-1245.372318165775
0.6188524628802561,27.61425863276577,7.404156510126825e-08,-532.7271978589887
0.8054170723800282,6.188167715866939,0.006430363861219868,-995.9862067590198
0.8681282493226717,2.846255759950964,0.04579350554481415,-739.5759107942474
0.3768849218993139,89.5045440433471,0,-700.3606072678735
0.05998415710195108,277.1909846405094,0,-589.7339356484856
1.447537343495617,18.24438568475716,9.714889912970648e-06,-1133.883356664096
0.6083014338994799,27.59115700086841,7.493117099022228e-08,-919.6500175625221
0.03418415698148946,291.8643445290488,0,-285.1326167554791
0.01010231875873548,366.6909265983357,0,-312.8196525395285
0.01985624094224336,178.7195988531741,0,-627.361604226331
0.05885310761578937,128.8883249486206,0,-361.8372684778194
0.9297486311980561,7.105427357601216e-15,0.4999999663716803,-2.908784324517952e-14
0.02591466143717881,332.4078568344594,0,-421.9929420208632
0.01595823033899798,338.3714988045818,0,-162.1836723097338
4.004733053112191e-17,352.4650653308607,0,-214.1641663113007
0.005049650866858382,376.5790315435734,0,-154.7226894844827
0.02587189238665796,333.1594898155377,0,-115.8055416215873
0.05184035329853526,300.1002952923536,0,-255.2084055599856
4.004733053112191e-17,369.3695753663339,0,-113.5655983818236
0.04382624692032171,255.4796201627255,0,-375.5405928258016
0.4669470472340444,28.92485739677932,3.762056161038529e-08,-503.4624812287321
0.04563361012493045,278.724494028722,0,-220.7932986271979
0.9404380735544506,0.5999201353001808,0.2193042498746303,-1322.406791743588
0.9297486311980561,7.105427357601216e-15,0.4999999663716803,-2.908784324517952e-14
4.574398571243746,2.124715691180713,0.07246983657342176,-7.064393982091977
0.5656470489797849,47.10788775899778,3.359257316759567e-12,-691.3082507378766
1.546507604024478,41.02542016820735,7.513101252243359e-11,-1272.498876807053
0.01091955154808773,169.2775699174208,0,-538.7435785056392
0.3071521653209709,107.7646095838599,0,-437.7978822116957
0.02227058294889269,314.205416572039,0,-456.6679091243345
0.9297486311980561,7.105427357601216e-15,0.4999999663716803,-2.908784324517952e-14
0.7738007335068654,8.636937729645069,0.00164707336459885,-755.6068878980288
0.2207831413635584,141.2510949175671,0,-474.2122439888013
5.114956077737342e-17,334.8760194245333,0,-106.8966719605809
0.2932779323000202,110.0310455004914,0,-380.2168616290105
0.9297486311980561,7.105427357601216e-15,0.4999999663716803,-2.908784324517952e-14
0.1120330987428878,342.8854207168495,0,-223.9930124824709
0.04288948639583419,297.5245472432254,0,-83.68138354218461
0.03263276956048364,308.1904494429808,0,-410.0182329395311
0.01115171560929133,330.1131803878078,0,-138.1739354167037
0.00638144118735346,294.2143775342267,0,-80.30496016164682
0.0167094262733995,321.8787075915602,0,-222.8903154322343
3.17603086687411e-16,366.0307244403236,0,-532.8993845761098
0.05124889781233719,244.8550223288962,0,-192.6487891720665
0.06415846814490204,230.5105744534728,0,-374.7414520649371
0.1089551258841428,208.9797770357035,0,-274.4648332882689
0.006229450402003922,301.9453282948301,0,-176.3059064039489
0.5408880782190107,41.27783950754042,6.602879354389302e-11,-647.0589518594538
0.05388431380406246,173.0300793353153,0,-509.6376578787084
1.38232430932471,6.927791673660977e-14,0.4999998949956054,-4.142525760478546
0.03603168295394579,230.6707884054412,0,-105.2606339116054
0.4924576614324824,57.50394004350346,1.687538997430238e-14,-749.9295169437162
0.752218398925724,7.22463662056316,0.003595486367042822,-868.4398247550115
0.6481318377931026,23.15779841945778,7.461837401301352e-07,-625.5481766798611
3.176299467971813,365.6510148779898,0,-2363.764327053708
0.4816475518973074,56.08354006823561,3.47499806707674e-14,-581.0826951348794
0.2065779483120781,158.6080664253277,0,-403.5614359280465
0.038331860663696,254.7625280869192,0,-603.900694288732
0.3269902163141941,95.99300295208877,0,-573.74556444141
0.03888973840179835,294.1657556027237,0,-686.1482113281833
0.3630449573856511,84.04383838178842,0,-611.4713129499978
0.4193545264891112,67.7502827291712,1.110223024625157e-16,-657.9431076012864
0.3664610510866926,97.61690820243689,0,-666.645040307308
0.6472983554413488,23.76230209026221,5.449823453629321e-07,-685.8911589443929
0.0376663715182323,305.4314783612588,0,-311.388446399441
0.2242134482575898,157.3910005066206,0,-407.4181392144051
0.05618694577473272,244.2607267790327,0,-577.25299510134
0.03543715918268502,139.2726612556586,0,-422.2421980745644
0.6030923259458267,27.61624586781454,7.396553619587465e-08,-719.5832947104847
0.01664483545349027,323.2447117802019,0,-420.7316844988256
0.0592978081032787,257.2932533303464,0,-444.4969296036588
3.17603086687411e-16,369.2154103475899,0,-304.6756633504777
4.004733053112191e-17,334.7459930350668,0,-223.8842519103583
0.3493605147036402,86.32591536414361,0,-487.4802734811693
0.0109085613213525,337.7080196258196,0,-219.5230163126652
1.131314903356401,6.483702463810914e-14,0.4999998984168667,-2.851012425219535
0.05942289644642663,277.4843506173352,0,-157.236290453449
0.06408153160931691,230.8188224295823,0,-165.7743282307952
0.01113480867866701,330.653201654128,0,-353.7343369819998
0.0338152264973848,295.2832782442777,0,-468.2525749853927
0.06011354079451542,275.5941628960913,0,-536.712168285607
0.4018042425417671,74.40340715253546,0,-773.0586557682334
0.1765015327619512,97.34233026717061,0,-377.461620573013
0.02662899433437551,322.6357353348949,0,-327.424305463119
0.1079936626835014,142.5156563076322,0,-503.3653562203743
0.6083590407907754,23.4046793909306,6.562942835297569e-07,-787.1580823362655
0.02712737639457336,316.0063096896665,0,-955.2517831580767
0.01837534698806448,292.6793896676784,0,-531.7042784371268
0.01064516215597194,346.7469906239589,0,-410.8204591244638
0.03497954502809,142.6363501184003,0,-408.4562955057146
0.02184800244121541,320.6965832720496,0,-175.2165622443364
0.0319697873979733,264.329381772994,0,-271.0298884975984