dN/dS,LRT,p-value,Log(L)
0.02541726908125464,814.347936318291,0,-102.4400765819838
0.006497043246610553,578.5074594556336,0,-228.0879710520657
0.03095346649231302,545.0993102237653,0,-325.3953630186338
0.08281782011209771,502.3218856863856,0,-342.3112303709123
0.009255404160380469,602.1777966716045,0,-272.7646104994751
0.02118662559238739,415.8480967653027,0,-622.6317568274553
0.7663495652880751,18.30981033560147,9.386894239904464e-06,-1500.677122645099
0.1077779456026099,250.9355211436282,0,-650.8578770154048
0.06163687658920743,534.3837606770844,0,-1251.827590768446
0.3374832746960295,184.3045019349424,0,-1157.333951828402
0.788410061896149,14.10455654633415,8.646219007019118e-05,-1529.685153542266
0.81826472325203,4.662936703425847e-15,0.4999999727579475,-4.063416270128156e-14
0.03580116546079929,324.8274189115782,0,-829.3567823346142
0.04663884879638962,610.0732432474413,0,-559.8459704342677
2.297801864608589,313.9255471678844,0,-3555.811752412008
0.02479800504685682,554.308016170223,0,-942.7485974478185
0.9180616870589063,2.058454217924918,0.07568182505728249,-1707.245982518814
0.05102886800020502,549.5190833887916,0,-372.7292910000086
0.3475260424774978,177.7042644685039,0,-1373.628044218882
0.81826472325203,4.662936703425847e-15,0.4999999727579475,-4.063416270128156e-14
0.05830087861982581,559.2197052135848,0,-1167.779516467572
0.02131569956041643,580.4527018379529,0,-334.5186521973686
0.04774292492395411,560.8115188440361,0,-954.5402195268425
0.81826472325203,4.662936703425847e-15,0.4999999727579475,-4.063416270128156e-14
0.07885090902747698,463.8068861123641,0,-567.4121606250275
0.720296207335397,26.53228959901617,1.295848935933819e-07,-1616.727820691456
0.02988607300812391,563.9238324015326,0,-277.2784203471944
2.0694839667295,230.3554650133001,0,-3659.644929887273
0.01390602632240664,521.7696977488636,0,-383.8195919940993
0.02562245138056828,674.3244966926452,0,-578.2461702895703
0.312445060711058,198.112615558588,0,-913.1674109459302
0.008545074929772696,439.9286703362554,0,-25.06419842061723
0.01532697120987914,588.7410165642589,0,-189.5109705963572
0.03130300072091056,755.3839439393341,0,-195.5233352029589
0.08296531748612089,534.3620872274796,0,-756.0139619108296
0.01539973551763671,581.9566097321219,0,-689.4714445493004
0.1130228185154197,278.1750749936018,0,-1139.375351274935
0.3235145111784299,191.5527881750581,0,-1082.889795771284
0.1954868860401935,288.0126994666141,0,-973.4666612215789
0.09204790117908183,498.8044705921457,0,-1275.045513214999
0.09883196731260478,425.4595187111086,0,-715.745845350997
0.7129101860745706,27.16530977414823,9.339010392794833e-08,-2166.158320080107
0.1160455465219842,489.2429471860735,0,-968.3799003148898
0.09409101205536897,443.3222240451166,0,-710.9437879555841
0.5338356309038467,89.04420642561536,0,-1582.422028421052
0.05859056485904186,440.5603174873513,0,-1243.145463072706
0.07381155697296364,295.6416891527258,0,-639.791572032566
2.029929084585383,186.5451619393962,0,-2628.571326269917
1.008082179271634,0.01864759173713537,0.4456908055309753,-2118.266423083852
0.00844399239606407,661.0123098923689,0,-770.5769884310972
0.0248105571309216,629.7194560800042,0,-524.9595495813772
0.3416503850921065,142.9418084438098,0,-1179.018865619092
0.2941011797827499,256.8416943260131,0,-1120.239546968204
1.264237696130018,20.06454867976299,3.743588405713538e-06,-2935.515605330629
2.394610673826701,356.8615215923592,0,-3253.779466692451
0.3408327678110739,119.6027714694437,0,-1474.149388816466
0.5609796232661858,56.41812808861732,2.930988785010413e-14,-1576.058708623863
0.5020282067632228,91.67806075041062,0,-1339.5661390799
0.81826472325203,4.662936703425847e-15,0.4999999727579475,-4.063416270128156e-14
1.188044068084472,9.385656659065717,0.001093448528151464,-2291.712111727557
0.4035860339280667,140.5940824044692,0,-1499.306696996056
0.05620504456550131,516.6691248500471,0,-366.0524026173106
0.01491269940704793,604.8926131307223,0,-545.9249332693605
0.2782136987886185,189.7851927314739,0,-866.4608861560042
0.09291529139653026,430.4639769940827,0,-733.1071393565812
0.7823865147648054,14.35802472734713,7.556707998657153e-05,-1823.623544873269
0.01247645931404492,440.7474118678399,0,-660.2717216401237
0.09055909934681501,265.2737002979018,0,-904.6073694896689
1.770932163310982,132.0300778338624,0,-3244.23266019019
0.01757020217595877,710.4309123360431,0,-497.7237363392218
0.6045956894887401,56.83772490965521,2.364775042451583e-14,-1298.503619898541
1.003809452468649,0.004291025555630767,0.4738855964920636,-1797.251188553128
0.3937505931982925,147.1617099130085,0,-1090.499925500349
0.9967743305834063,0.003094681930633669,0.4778183360738107,-2045.586425482729
0.06250070189238123,478.5899997885745,0,-756.6216930824
0.4822161013565716,87.9512647993447,0,-1070.363321919399
0.1343817472950697,416.7669736919277,0,-933.5631530545573
0.062835664147274,474.6923823152797,0,-1141.656882093291
0.05889290256691364,592.8998216564353,0,-504.509411590402
2.097725961705366,260.2655351976409,0,-3622.14735571461
0.2446905704944008,317.8268979039324,0,-755.7497169208257
2.003478886856674,220.5543683644128,0,-3574.14777292527
0.8901454626873675,3.769952352573455,0.02609055962254692,-1640.648927218486
1.199216672239156,9.901153931146837,0.0008258758389861898,-2222.551166824677
0.077506861647163,545.9411728591053,0,-645.2929462363124
0.02079467899704279,593.8278003127227,0,-385.6810397290013
0.1364223087422566,379.0125681826926,0,-930.9602143111542
0.07864470513868647,449.0309133648243,0,-527.357537563882
0.02759464400547387,558.1532373579585,0,-932.7243479608985
0.1958578665082594,189.9219982227528,0,-998.863672630215
0.6288569609429743,54.43042183705711,8.054668043655511e-14,-2334.369049863474
0.7304830873429347,27.76363563958193,6.853930967221089e-08,-1761.258160572354
0.1211733828044876,389.1267501622785,0,-592.9746362944743
0.1168300516440566,392.0598746544606,0,-751.4900807168915
0.7706146076268405,17.08878991989059,1.783612164901749e-05,-1768.812410657976
0.8738052954735877,5.786690267305858,0.008073981615138615,-2228.464518926407
0.4045715981834583,141.0982244581282,0,-1189.401490758231
0.9193327153964291,2.550663862070905,0.05512396107268641,-2386.462738005746
1.21911086624057,2.575717417130363e-14,0.4999999359735868,-3.059587537143832
1.219358658716048,3.907985046680551e-14,0.4999999211345996,-3.909823875342162
0.5239500705763569,71.74062010418174,0,-1115.773852614888
0.8387844363490164,8.079747318904992,0.002238134337203934,-2259.43199436947
1.286022836756483,21.01346867009852,2.280329968518124e-06,-2159.926508035341
0.3847507408556627,117.8302192199185,0,-1181.499435582425
1.036967524669211,0.3829864260001159,0.2680046347396405,-1997.893654047652
0.9279063961480015,0.01010108234968854,0.4599720477415268,-14.39630500358034
1.060219401433737,0.007231330170561989,0.4661158970561673,-13.96924008343535
0.6342821890310243,0.5705738525546806,0.2250154863970354,-14.88677586534013
0.9804823453863166,0.001040212624765502,0.4871354133034064,-20.98658814663292
1.535259961600822,0.5624840291870115,0.2266305587077722,-28.04982728095639
1.282201638195628,0.3135214083114732,0.287763652411486,-46.78728775598636
1.330363266201195,0.6971346337974467,0.2018740885337597,-66.69805621944469
1.252440798478112,0.5792614375737628,0.2233009797753336,-98.83895567548971
3.474527904236697,33.54051848254119,3.489738775730444e-09,-168.0478805826722
2.93926506695384,38.5938836080511,2.609109595042014e-10,-296.4123203047383
2.40036126515771,30.62264999915999,1.567067575702907e-08,-294.913112715729
3.136087730508773,75.26095730142492,0,-535.9499109453617
2.848176264325514,90.48544511600994,0,-719.6575607275904
1.225359796078761,5.6492394545362,0.008731472217711755,-1102.591202798042
0.9619557310383947,0.4154658306079,0.2596041108192938,-2221.375423371106
0.5226822011429519,82.04688878605839,0,-1256.322030454893
1.180984313495167,10.03708976493817,0.0007670969795627314,-2449.935969958595
2.24017674540573,4.776630317245321,0.01442425935400815,-85.30343113441664
0.6775691586461838,0.6767588605591897,0.2053525190330656,-42.27672568762372
1.04301890185154,0.00827617496879185,0.4637568298008117,-27.7230146451816
1.077917550079589,1.334431640949788,0.1240091759754275,-1397.787277962904
1.048089547668727,0.6660537112252314,0.2072154278115568,-2024.684806209439
1.120041402904921,4.397612485563513,0.01799464031935616,-2587.08634529355
1.274690241553803,17.56578417361379,1.387686958836953e-05,-1632.777681863671
1.051467632387924,0.6545038949316222,0.2092535036150298,-1791.277136115561
2.47286395147684,222.3189352476866,0,-2218.746749904916
6.74718073439047,223.0948390744775,0,-562.8221163046071
2.272895852944311,28.34031531858682,5.087729687547338e-08,-300.398412240088
4.445782861412001,73.79365704306247,0,-288.5068263672906
275.9202302223695,3.657905568280619,0.02790187042408354,-19.60594162924723
5.958689756294792,4.192157258123309,0.02030569401499333,-23.12785102440998
71.43198210135127,0.7284272352549657,0.1966967291471206,-8.512380307175148
0.8374289324390504,0.003215859678228128,0.4773886814099951,-7.328591263782757
3.212444495377488,33.01364287440015,4.575722190036657e-09,-214.8205868156387
6.892750198869664,54.76469580237085,6.794564910705958e-14,-161.6117338584425
6.116280741612994,25.18269490314168,2.607401420884337e-07,-89.2248931358249
3.200006413681701,6.193796104664955,0.006409945073558909,-33.83095371761799
1.348874107195645,0.3480348150783001,0.2776138436065905,-25.03912055075125
0.8035857085492919,0.1377845600025296,0.3552467343649199,-20.45314818657715
0.8185327102154003,1.332267629550188e-14,0.4999999539525268,-3.734704870550512
0.7385928894111475,22.13415029673615,1.271231925892291e-06,-1492.815513652131
0.02692152393562752,764.2888949344872,0,-625.7015924431438
0.4596930531469296,89.7307678686775,0,-1144.983072203267
0.81826472325203,4.662936703425847e-15,0.4999999727579475,-4.063416270128156e-14
0.81826472325203,4.662936703425847e-15,0.4999999727579475,-4.063416270128156e-14
0.81826472325203,4.662936703425847e-15,0.4999999727579475,-4.063416270128156e-14
0.01770777236858452,705.0548336521056,0,-337.2443430451747