dN/dS,LRT,p-value,Log(L)
0.01023430483800797,543.090115684586,0,-636.4775851757021
0.09822398738879597,530.7313004582891,0,-325.9061962126958
0.1280271072643917,387.393908908537,0,-1134.859920768957
0.1887629145679385,202.5392045830108,0,-842.9853541222066
0.03391477877916334,587.0352783971348,0,-623.0307287228925
1.020737190127432,0.1088931411422891,0.3707039073218935,-3401.352008222413
0.008261317259894284,676.1591674385861,0,-556.8472187410781
0.129173084758234,248.6068265233382,0,-521.4295934348434
0.1479131104585501,599.3219344143918,0,-633.4625442540347
0.571053706140137,67.68696567361303,1.110223024625157e-16,-1189.890943828874
0.1478930145791579,339.5890764243559,0,-992.9113466379345
1.853501855685581,151.3329787357807,0,-3514.855972762333
1.718916071775517,115.0302835559141,0,-3442.711449263935
0.1981434238565676,246.367315455263,0,-692.1210163831189
0.05467335972200956,451.4473052681744,0,-873.9305810046263
0.04723122346835956,567.9091059790426,0,-582.0358412776301
0.02651536162858762,579.4778248336581,0,-788.1834838759231
0.01453754685001844,372.3308048032877,0,-974.8641548044147
0.02823749789900589,601.5071500810116,0,-322.4709354710044
0.02031349353878672,604.9912896985838,0,-526.8658977996911
0.0208587012298157,586.7260920755807,0,-876.3709047752889
0.01578722689545736,565.8452350340242,0,-579.4550106882027
0.0813861951050425,460.6802439368505,0,-664.3904959388822
0.6169627673879716,57.60624474592987,1.598721155460225e-14,-1251.383076311541
0.0527561257142126,495.8087622984469,0,-614.7443336271506
0.09356276186503558,426.0423332570731,0,-1128.257235105491
0.08232744971575635,436.0803262379584,0,-709.4090912233934
1.222123461179503,1.665334536937807e-14,0.4999999485173598,-3.907985046680627e-14
0.3953473944752724,152.790018463455,0,-1703.398418581973
0.01715918138941657,627.7896747829084,0,-943.3135343781354
0.2418736272700646,318.1820610343989,0,-1260.184876855355
1.222123461179503,1.665334536937807e-14,0.4999999485173598,-3.907985046680627e-14
0.01365221823671795,534.0645709453504,0,-544.3839925047795
0.1983482935436775,309.0357692291404,0,-987.1916049679999
0.03122438571963754,692.2305734178974,0,-223.9079395160898
0.02047236238190606,518.0315830552345,0,-426.0278617883769
0.01419348043108285,1018.378173188244,0,-74.08823884433934
1.222123461179503,1.665334536937807e-14,0.4999999485173598,-3.907985046680627e-14
0.02576652019461811,604.5838300940777,0,-516.651422335151
0.8280184345496879,8.361939299218648,0.001915807168460126,-1556.678885125743
0.01445176373273974,623.0951108357474,0,-416.8248538442743
0.2370309142643784,215.0500711262055,0,-628.0634223860535
0.08075508959346024,447.1742120266617,0,-813.6251901773494
0.005677138913618171,664.5069332677087,0,-387.4504588191497
0.09327072423165014,456.4273550026373,0,-703.7188016068545
0.07416331345112885,479.7722353260667,0,-563.1710433575901
0.02730842724352514,502.943598978871,0,-611.7493074779153
0.9546882017880459,0.4010706535500503,0.2632684221361139,-1434.070636507078
1.222123461179503,1.665334536937807e-14,0.4999999485173598,-3.907985046680627e-14
0.01664032866152724,643.9756056976267,0,-422.578632205538
0.06464320065879781,294.8512614960259,0,-786.2096258109702
0.01411070086109635,639.7597011401292,0,-664.9150173180781
0.2683579797133173,275.2355006986331,0,-1079.807331615656
0.01063717804672275,1036.528936519648,0,-63.20450819904326
0.04250821691358398,333.0015609351349,0,-1353.740697759052
0.01411059371691297,639.7480564064349,0,-753.7216674281765
0.1354698893867318,406.7153750447633,0,-726.5718753042847
0.1232304996161619,386.1477043945119,0,-790.1883834890749
0.002744096882786449,699.4576432055505,0,-453.3625020071124
0.02297841625944979,607.0026485756209,0,-481.7919606671027
0.01956078263081149,545.5557251871542,0,-606.123787321193
1.1318279959799,5.861977570020827e-14,0.4999999034100054,-3.62282929359001
0.02378721311316499,366.7836671202219,0,-531.4949479967925
0.02024379543985938,606.6204399014168,0,-288.4198019393615
0.01446695623677296,622.4546867922018,0,-1097.913290931646
0.02129503061266945,974.9927348413469,0,-119.1225534995559
0.02381046128331317,366.3252647693776,0,-625.8044256914729
0.07105155216516541,793.4483471030966,0,-294.5677742966646
0.03161360177941271,528.3527512073538,0,-532.1467487421202
1.222123461179503,1.665334536937807e-14,0.4999999485173598,-3.907985046680627e-14
0.2443624690170235,267.1919519946014,0,-1293.454523778138
0.1187320181654581,410.0751310329852,0,-809.8704189433157
0.008690394657667938,639.1624810333849,0,-554.2490725788595
0.008461288512391868,658.5054967678742,0,-144.2038713158933
0.2884944732975724,216.8486167598267,0,-1238.650757050785
1.222123461179503,1.665334536937807e-14,0.4999999485173598,-3.907985046680627e-14
0.0185800612761136,570.3010702158363,0,-569.0499522868205
0.0318670949692654,576.8727507897115,0,-417.7299543823256
0.09921474753114663,446.7127252992304,0,-559.1181562071275
1.222123461179503,1.665334536937807e-14,0.4999999485173598,-3.907985046680627e-14
1.222123461179503,1.665334536937807e-14,0.4999999485173598,-3.907985046680627e-14
0.01109188634767166,661.1215272297945,0,-560.1959788237929
0.02200572388423865,634.5906911869424,0,-779.6187041052563
2.7611246497465,387.5580309512134,0,-3304.78171397402
1.222123461179503,1.665334536937807e-14,0.4999999485173598,-3.907985046680627e-14
0.01951190112972441,546.3865388032705,0,-645.2274842848669
0.003408355987444225,563.6141732634484,0,-394.4072990815994
0.7126613702299294,27.0902944788395,9.708517367812419e-08,-2182.730608527794
1.186291824653436,8.599225015747834,0.0016815304195964,-2229.576847930482
0.05566672059681973,521.5338643043713,0,-511.5022847385035
0.005494105357825002,687.725633524703,0,-561.4045239074388
0.01023396408318271,543.1130691027006,0,-526.8840338114856
2.016702730220779,210.4038305072672,0,-2931.431416392767
0.3797984936044121,152.8204414350394,0,-1195.742410732316
0.08910153121296548,397.4135590011376,0,-438.4404886560495
0.06907345787178334,527.2055783809988,0,-803.3285412341904
0.03783412613327219,348.7056465243531,0,-708.5249928931496
0.7171965441585666,40.92751344329736,7.899064735639172e-11,-1913.364496622179
1.224198071544043,4.973799150320701e-14,0.499999911027829,-3.87561105154449
0.01106381597684481,662.9118722078842,0,-525.357600793504
0.364521711598616,162.5895085877382,0,-1289.605666247694
0.01023497779446268,542.9396114467252,0,-471.6154231309359
0.03123998274746703,618.4568312284268,0,-480.965599125917
0.008539066222863481,652.9917656055567,0,-312.27472633426
0.0340598611015301,684.2585770298034,0,-329.4123645140681
0.005543434931983024,679.9628920148675,0,-799.8582811750416
0.01681323877981767,737.4444691131785,0,-137.5905208035909
0.02605088130947289,591.2478464899166,0,-387.0918050884292
0.01137712669037855,644.2627532926865,0,-364.5400203477981
0.1578583643209568,357.8019479963059,0,-1069.078648279401
0.02946528120175037,572.3139579097916,0,-490.5866406886955
0.02424018504269864,715.0406271247293,0,-388.0429384495293
0.8272342914395927,9.532704753572034,0.001009212186795061,-2078.004441627032
0.2524409671161559,212.6770950937389,0,-888.6321532203848
0.261340082243825,157.0469758235347,0,-809.3785693200726
0.03719554752461813,527.1035668860652,0,-540.0316249342568
0.02378198038587837,366.8189316555892,0,-494.5503879282135
0.3251913033882904,234.1250166057903,0,-807.2759885270407
1.241504215908258,15.24725660656532,4.71568250766663e-05,-2640.937122950168
0.06591848364332656,810.6666119493101,0,-268.5132063718136
0.02060497368068151,594.8588165749418,0,-551.1694691939995
0.6972559606867959,0.4616621649849648,0.2484240905534251,-26.29906007662866
0.6496948467234958,0.5147689836942604,0.2365408275873169,-23.52169332106178
0.8537556876591011,0.163181239752987,0.3431221781466358,-46.40287590384387
1.985966172029661,230.6128397395069,0,-3306.858999787045
0.08922094447821634,470.8014944795852,0,-844.5392076032766
0.07203603263580753,422.043460538931,0,-559.7393977451496
0.330104776889013,170.2826629183751,0,-1129.793659052106
0.5814216515377576,64.60484762424994,4.440892098500626e-16,-1608.804025407151
0.02390997228370527,509.8515484109961,0,-378.8863174049758
0.002978313750378535,641.0540991250139,0,-626.0226799987763
0.01137873836867989,644.163529305919,0,-341.2952668498629
0.7421353191739337,22.53149597294305,1.033631038926952e-06,-2040.360237664886
0.04623384176670378,544.7874164279688,0,-986.5883974730007
0.007519100321404328,499.9748657486406,0,-207.6346392995156
0.06957516379862526,457.6669414537029,0,-478.5551622986152
0.1246673918156509,424.0335690234706,0,-688.017330079333
0.01451475843784807,738.6934155945986,0,-216.5177721958725
0.1584952975610431,362.2465474116161,0,-1123.083114741037
0.529087913585808,55.28562147863113,5.21249710061511e-14,-1935.972551650763
0.008449667634826992,660.3202188464015,0,-1101.58707860936
0.01492882170008241,359.2168850536884,0,-881.8221084803107
0.03108732815954676,593.7825068865866,0,-418.0483954458047
0.01896630596142415,557.5781985333309,0,-365.921690179706
0.036175443242146,677.1878025411096,0,-193.1681594129821
0.008961529668014017,619.1943981792324,0,-581.3222335996434
0.05011360603500335,560.0453293808444,0,-729.7170112095752
0.005313979318767591,1066.396831604403,0,-32.39081920125865
0.007521664148695637,499.8262178325756,0,-299.6259331632638
0.07358975696696085,586.1107712770804,0,-945.7250532649057
0.003408052900713136,563.6904501990477,0,-574.5489814054555
0.8425917355625751,7.860348180593064,0.002526533045038248,-2060.658623920557
0.1247577459720309,490.8244658171741,0,-697.8537830078013
1.222123461179503,1.665334536937807e-14,0.4999999485173598,-3.907985046680627e-14
0.008654619243674331,641.4111371264958,0,-387.1136710469702
0.004709817301612923,402.7034136784669,0,-1214.407304857969
0.03330776605418651,599.3596262175477,0,-568.669206944267
0.03376037865949439,681.9294214369772,0,-347.3175066306808
1.025971949172282,0.1985922651660985,0.3279297682219579,-1837.903000758187
2.731941657024047e-16,414.4009672224636,0,-337.6138011820102
0.01114422413790668,658.9428697865719,0,-783.6311304392834
0.003408663381774145,563.5569788756795,0,-247.4513099395673
0.006308460236216332,593.4834008047603,0,-843.5441848968022
0.01238225383770862,587.0412166332717,0,-455.2480849492107
0.09933820072253209,383.9176603333135,0,-1112.368455026711
0.005712692734666533,664.9521827770945,0,-395.0106458362889
0.01669053671458036,642.2531528905596,0,-410.8617075121047
0.05279357780450337,554.6263283288245,0,-1165.373943746192
0.01504469997035487,481.8961539006806,0,-148.973974205143
0.008927770400592698,621.0513263983482,0,-367.7281837544904
0.01386271942105865,651.7758013946072,0,-1136.350889153098
0.01257288045017224,573.8193374329164,0,-963.7855865384234
0.005712520414638139,665.1463271665042,0,-349.941641534275
0.03257553830057103,516.7726508877041,0,-350.9846574952497
0.1366677253173819,359.9900953119086,0,-608.8503947109019
0.8217466117989258,10.16343422576028,0.0007162676283442582,-1885.14852080188
0.03620571618855986,360.1289958271552,0,-967.3851869226743
0.005561579240006464,678.4348467800089,0,-368.7381836659787
0.008664867677171294,641.2921817048987,0,-1103.949699241242
0.01548068819729305,578.4307967679815,0,-638.0041152409405
9.555848176237971e-17,414.3483974260179,0,-377.6787289346897
0.219030986941547,292.6848837091006,0,-1250.498975970499
0.660695794423332,36.62289852522281,7.166900961586009e-10,-1823.371899724493
1.222123461179503,1.665334536937807e-14,0.4999999485173598,-3.907985046680627e-14
1.050497110700162,0.7484021992213457,0.1934912879792691,-2561.219780435587
0.01190724716100716,611.8289317391024,0,-433.3258065364859
0.5526887095392085,77.0796556833925,0,-1582.253304327594
0.01418725869013582,1018.814941925238,0,-75.72712259283324
0.01765191639094001,602.9937114973385,0,-398.5105483014806
0.51502108692054,89.12162325769896,0,-1386.130853468275
0.02355873473863131,587.0022419114075,0,-660.6582942247887
0.01401208418517681,387.4716001687023,0,-802.1628270659613
0.04222019452112703,343.2551719952621,0,-1102.662735092272
1.222123461179503,1.665334536937807e-14,0.4999999485173598,-3.907985046680627e-14
0.2919982284916978,220.8593207261167,0,-985.2493809962608
0.004753289978257354,401.4202915494075,0,-622.4155407157355
0.005638127749283262,668.6003680352974,0,-170.0395920500351
0.2713903019403321,242.2583868335496,0,-2002.517810830188
0.0112781663802664,649.0742855460335,0,-608.3768437915389
0.003408096760690905,563.651450439111,0,-260.5673489090152
0.008311658754667717,670.6930089578534,0,-540.3292471356898
0.005863084951079579,649.0224131994538,0,-416.8729177232247
0.1752254479422724,315.0248568914453,0,-1176.74607712129
0.623674322302382,48.78975082291709,1.424638185199001e-12,-1895.745029379196
0.03481076901165522,567.8502424049748,0,-862.8810878543679
5.840566125974614e-16,390.6583702012831,0,-941.8954652248567
0.261468795884821,251.7206086917649,0,-1076.460538066927
0.08880444464471862,276.5257622101526,0,-1159.5676506307
0.008515783372900947,654.7522728512356,0,-613.4587927967422
1.001294178637371,0.0004422329784574686,0.4916111269965694,-1824.178853145099
1.222123461179503,1.665334536937807e-14,0.4999999485173598,-3.907985046680627e-14
0.5407973689504293,81.96782115636051,0,-1794.084488662773
0.04056740561489263,556.8507855894461,0,-785.7078844553492
0.7138234495597661,26.66199721605244,1.211706729398188e-07,-1986.990751717072
0.07796252055420379,290.000412876642,0,-971.7028362509717
0.0154866687360478,578.1464799819985,0,-581.9625664015255
0.04651175170878707,508.0755248228947,0,-567.4981886828285
0.01793786586349067,996.5235882154338,0,-90.51880548176555
0.02147575880298864,977.4333346749459,0,-111.0496012401862
0.1249380285669499,400.7795772454441,0,-493.4348060503367
0.02315085124254169,598.6719817426674,0,-481.8782608632248
0.01467438062402452,620.6865871635748,0,-736.2730114999951
0.01902545203431955,374.5786786274334,0,-718.1070042332109
0.008534847286033764,653.1934651819336,0,-245.5180455788916
0.005948361906307942,631.1522826654389,0,-761.2555577605552
0.008468331706656661,658.6461061471691,0,-669.3747091882701
0.01140070133480339,643.4145609074603,0,-599.3838416032249
0.02047159807556338,518.0562686454391,0,-1181.849409070697
1.284554695159527,24.27594667628364,4.173749089120271e-07,-2645.868036909707
0.02628588669385021,527.0836992740901,0,-622.2955019123268
0.02526619306007985,542.8368268164522,0,-723.7196671008086
1.222123461179503,1.665334536937807e-14,0.4999999485173598,-3.907985046680627e-14
0.01736337392036551,614.109010216356,0,-457.0778697876178
0.06409081913505024,531.4212628535129,0,-938.2939206811782
0.329218583994817,191.1090471383613,0,-1960.302975119042
0.01412623200269719,384.2614457679711,0,-1085.354113754267