dN/dS,LRT,p-value,Log(L)
0.02100450047590234,253.4925594964503,0,-324.576659482535
0.0124892926024671,147.3987287855728,0,-745.5744813120411
0.06388235815559509,255.5110262337686,0,-200.934652933609
1.072794430265951,1.176836406102695e-14,0.4999999567219072,-2.198241588757834e-14
0.04920694323653472,287.2409719241289,0,-496.8366223745435
0.03155171040377557,319.3974967442069,0,-73.8617919819019
0.4001770807758387,76.11186914618224,0,-689.4586528692338
0.3406844162663074,91.45225383921797,0,-915.8374444113427
0.01797612772817693,298.0388042434627,0,-428.9989594572327
0.01979078582297889,179.2878529309338,0,-284.0312715518118
1.072794430265951,1.176836406102695e-14,0.4999999567219072,-2.198241588757834e-14
0.6131122187582823,25.49690982194124,2.215460170318373e-07,-990.0496289672453
1.369743101890275,16.99903284671427,1.869943187543521e-05,-1835.361822431304
0.01974679249806621,270.2246255681933,0,-92.16455398791732
0.1337291315446931,182.1100875713462,0,-703.6311589230645
0.7673677530987921,9.168476333702984,0.001231097386318269,-983.1193661781501
0.02397469682153001,217.9949254220452,0,-210.7830464868003
0.006577810714333144,287.7340554646197,0,-297.0103031166681
1.045441718870909,0.3836907761346993,0.2678172921429985,-1271.810169140612
0.02216617340966499,315.4548315627842,0,-209.4440784829915
0.3007119319974526,126.8598576221239,0,-503.3149094528694
0.3189158214880619,100.711091211479,0,-592.3600174994475
0.05436385734155308,427.3447794988465,0,-121.0656493583893
0.2305255321759714,138.7098814713497,0,-512.6964660099127
0.6459363314766103,28.7073682648479,4.20914118559601e-08,-722.1914412882181
0.5265225590103343,42.78569595461158,3.053857167145679e-11,-999.0240146213349
9.555848176237971e-17,282.8785359483383,0,-204.4495671792083
0.1115272406589511,225.1743896877313,0,-468.4040034981076
0.869066436108851,1.320603354646664,0.1252418980832221,-1197.516615001253
0.006845997649796805,277.3875356593076,0,-284.176405021674
0.1933236206713344,139.8117743963026,0,-787.0166970019167
1.421601864174399,22.21818654220715,1.216788594438079e-06,-1233.181322320572
0.3267340567382125,86.00261952154699,0,-415.4095208065482
0.01798831988440263,297.8584508346962,0,-220.2240858364678
1.072794430265951,1.176836406102695e-14,0.4999999567219072,-2.198241588757834e-14
0.1643017045579283,172.2625215246933,0,-396.9230376310096
0.08887441615378892,213.3184021115995,0,-383.9242709105196
0.0210397188555228,333.7341481969572,0,-63.56273059961839
0.1854171843657689,142.480556335706,0,-413.5375963956352
0.07852835459216145,234.1905387853685,0,-551.9701654140973
0.5158616439997782,57.33209920994386,1.84297022087776e-14,-936.3437564300509
0.02985225446130992,286.010401580421,0,-115.5905239985364
0.01792119516373462,300.717010626873,0,-419.189566852474
1.072794430265951,1.176836406102695e-14,0.4999999567219072,-2.198241588757834e-14
0.0716501517373042,144.3270019349727,0,-427.8664285639854
1.516716763157466,17.65575307778136,1.323566789962483e-05,-1243.069137788386
0.03633062480959291,271.8945670257563,0,-187.3968546344693
0.02166606698951115,323.9026023428206,0,-367.5207862577598
0.01898117420214582,279.3430085357037,0,-233.9298395624863
0.03599264032866252,276.1266236584379,0,-349.7171188920046
0.9228162526517834,1.38919497613233,0.1192705479907532,-1062.122402234306
0.01974790948918139,270.2026189087882,0,-118.8774730439918
0.005477512781574626,345.7242914115931,0,-343.507433433543
0.04079776180188985,238.3508362960905,0,-269.2968059044419
0.04644590736814656,272.7991498937363,0,-351.620244718264
0.03576309737820715,279.7133020830456,0,-334.8103534234286
0.05063332042770897,340.150923160711,0,-544.5142413499428
3.17603086687411e-16,289.3795419880199,0,-264.4811433721108
0.05973176038584239,278.0778950980443,0,-554.5691813491356
0.2644815237415503,140.7012147733681,0,-414.3667707983572
0.009894036733082087,187.7200685312741,0,-331.2986330989445
0.1134558834883002,100.3537449573305,0,-568.2865475662791
0.0290011003011954,292.4431136939688,0,-523.88059926927
9.555848176237971e-17,332.0065990204547,0,-301.3632969560197
0.01719846092852446,312.8467082926898,0,-256.1525488019826
3.17603086687411e-16,299.7417168608948,0,-378.3249441948454
0.2191878194222097,67.56651744877013,1.110223024625157e-16,-847.4294293185163
0.03162545213288514,264.8573294540673,0,-243.8277476984043
0.1008755670844909,234.9229163155505,0,-517.6578682459939
0.0974457880955371,216.0824259371326,0,-362.5532564340953
1.90724790879454,83.71017503064786,0,-1254.491383258604
0.04379845098193284,256.1989127224615,0,-388.0354271927988
1.136552439007407,1.284923850517316,0.1284927660506752,-1152.48595695575
0.006792773843872402,276.6625701524046,0,-207.8245519944892
0.005989461752487145,315.9119820233443,0,-141.1354522816397
0.06816794388385088,214.6034335296356,0,-705.8279881526739
0.02632270531124754,262.7993903824316,0,-139.3093395702774
0.0612441413599894,220.4710625650657,0,-330.6623034028663
0.03003161141427587,282.4988022562335,0,-277.9400442821631
0.009184770996106002,405.6193456069434,0,-117.0499758485028
0.03778173117272833,304.153320797217,0,-681.8326829701107
9.555848176237971e-17,246.4474559247875,0,-303.637787306525
0.5989263464561357,33.29817884493878,3.952832006159923e-09,-665.7131904368689
0.0189966845243874,279.1472565121036,0,-258.4292837030451
4.004733053112191e-17,328.1950327746469,0,-105.7056872088566
0.02530274807036235,271.8406515873151,0,-355.9192497252142
0.08201302132907616,203.7876020324181,0,-701.5836986993465
0.06258082660319243,238.7398708479625,0,-668.733195637445
0.2007691745747369,136.0169669327332,0,-312.25689388213
0.267332265642921,121.9691945905429,0,-390.3683252736573
0.0252994480982669,271.8351917103605,0,-536.0058828379806
0.005763206179157251,329.5421935319227,0,-170.3285551312144
0.01620016012931538,332.777995883054,0,-467.1165357518355
0.146206839513694,174.9011989907834,0,-425.927747108014
0.1502297138876452,191.3471921480757,0,-276.9306653220347
0.02399932069729179,289.9500427991188,0,-281.0466669161875
0.5407161373971643,33.52935333720097,3.509828649939095e-09,-1036.28071213481
1.294182940760739,10.56394515709417,0.0005765740986822809,-1581.753197585151
0.02497967803152252,139.337459201769,0,-590.0808227078837
0.09703391054060805,217.2430715618276,0,-439.8772212798013
3.17603086687411e-16,152.5875949581158,0,-447.3399479840589
0.01199973297657381,306.0228668161296,0,-131.2668290871199
0.1218803490621254,218.9707231791303,0,-519.7849416667208
0.02532915725394409,340.9000878695728,0,-333.0425331428941
0.0225080502454537,157.3947881214137,0,-20.26053454123635
1.072794430265951,1.176836406102695e-14,0.4999999567219072,-2.198241588757834e-14
0.006846070222805559,277.3862836012828,0,-154.1933143226952
0.006800951342821816,276.3161170472129,0,-355.8882888487153
0.5434366666477608,38.28078434114468,3.063147513415743e-10,-786.0417587530842
1.177790493406894,4.341379786172638,0.01859838371414391,-1065.831670785417
0.5085913270615563,50.0095829076804,7.649991751179641e-13,-598.2392424756931
0.006578182919247966,287.6619596661282,0,-358.48991709874
6.740639792367023e-18,343.3578073819443,0,-101.523635708019
0.01156995276504953,316.6932729682781,0,-383.262213504581
0.005539436187661905,341.4562192164378,0,-82.26604896757297
4.004733053112191e-17,370.0010109064244,0,-477.1362335294936
1.269490856556494,12.1647669670424,0.0002435037465007284,-1786.761722164125
0.005545633635924179,340.9137480933098,0,-373.5880841233835
0.01399572696366905,261.7446274309044,0,-295.4985981017188
0.5627037291955371,37.3000055900402,5.064215713446174e-10,-831.6223335694718
0.03220348311803724,365.6591581578298,0,-555.8628153782089
2.286234560037955,168.9218004001764,0,-1848.650906731898
1.301249647032725,12.35803577810975,0.0002195462071040155,-1628.728401567879
0.2374542893999267,115.6536161422657,0,-926.1411303638012
0.05438531549853339,254.081088197299,0,-433.6834888945232
0.01198155561403277,306.4542674122224,0,-444.620327048475
0.03600977968527436,275.9366065411505,0,-286.8887014376817
1.072794430265951,1.176836406102695e-14,0.4999999567219072,-2.198241588757834e-14
9.555848176237971e-17,332.0093788255477,0,-297.7648487897031
0.0225080502454537,157.3947881214137,0,-20.26053454123635
0.01797387971023461,298.077855597204,0,-584.3645195465317
0.3371359680600373,105.8849305210781,0,-865.3585054062511
0.4908994543999583,47.96491128204912,2.169597834722481e-12,-678.7995327296192
0.6205766362229763,21.5300174509623,1.741666726395863e-06,-879.0903319651121
0.0888270408258745,213.421863705007,0,-247.8855813568312
0.05611273413585569,220.3415861327329,0,-220.2980386368599
0.0268787582515789,319.1784844936014,0,-786.8361564520776
0.1002181354626471,208.7362110451716,0,-413.9386972892121
4.004733053112191e-17,289.3863387072346,0,-117.9033353204339
0.03999188297829533,204.099314972742,0,-142.3359412830859
0.005538806003562823,341.4850454108554,0,-124.8359552600143
0.00684759328276362,277.328431016595,0,-269.1683787301953
6.740639792367023e-18,199.040924502317,0,-116.2962314389168
0.01378199051553907,396.5251602442159,0,-235.3968979860597
0.01979533051988698,179.2837466879755,0,-267.4118864448627
0.01644891069133934,327.3116658433427,0,-272.6415776360271
0.09578232958456248,194.0253844878506,0,-415.6672040689937
0.1658574238821527,151.5892115278504,0,-411.9147103138862
0.08953154644732574,211.7541036198581,0,-353.1624470566589
0.07849142131113739,199.9309591415815,0,-609.8756442564068
0.1847519291274137,260.9260628433515,0,-369.3195504759848
1.072794430265951,1.176836406102695e-14,0.4999999567219072,-2.198241588757834e-14
0.02775689010066547,307.5515371978208,0,-197.4464580694224
0.388664523832467,76.50307933447539,0,-704.7415495732196
0.2516671976254856,120.3092178277324,0,-501.3355746123814
0.01296634172481743,140.4212584746123,0,-260.5711248139107
0.02416438103755471,286.5011454503639,0,-222.356313891319
0.2454577746047598,129.452127690718,0,-524.2198901866373
1.072794430265951,1.176836406102695e-14,0.4999999567219072,-2.198241588757834e-14
9.555848176237971e-17,315.2925979720602,0,-476.2036889030961
0.05788317825789908,287.5895296489818,0,-194.4528021582546
0.5586674737033577,39.40484469905596,1.722206821597183e-10,-1038.802803470891
0.01978478509239772,179.3160738376932,0,-616.5247068558101
0.3097581936661004,92.42869978436488,0,-530.0135391461274
0.05584325468218281,301.7028009081939,0,-371.6905568423866
0.5710610770336186,34.92602908602407,1.712358976835304e-09,-925.9266007037694
0.02971309968596568,171.8257173832957,0,-268.3632655424959
0.02397878747610434,290.2221669149945,0,-273.4513475561076
0.03164605994310447,264.6484790583444,0,-376.6043159704236
0.1390135936986522,174.0599424686202,0,-440.1088662224661
0.05576920117746397,191.7681519469971,0,-343.9330768900693
0.2688778086992492,119.9119634999015,0,-627.7585036130456
0.0229344686384595,305.0429867565795,0,-121.3299754394849
0.01198200925077512,306.443386757742,0,-169.7479584505704
0.08885257713355542,198.8442714254981,0,-314.8560263572425
0.0198134920509504,179.0919417167235,0,-232.0874018291801
0.01078346958755101,514.8064858393618,0,-30.4716586299589
0.01198656344457761,306.321213332316,0,-126.6461784001179
0.03401923871192493,244.6983485197842,0,-329.9600291609515
0.2693056788467073,104.9525840638677,0,-418.4918193937884
0.08789412392761831,217.4459267913642,0,-635.117629733478
0.03295537452035114,255.4686386614693,0,-111.8983946889703
0.0221894674475437,315.1431640765486,0,-84.980582021852
0.02100014678366884,253.6825325600354,0,-68.64262168136975
0.02415326351195508,286.5289147610504,0,-287.5739900570137
0.07114413468533781,285.4045271169795,0,-167.1458087699388
0.4118712302658598,70.02186807980331,5.551115123125783e-17,-417.5659867618263
0.02124517183042606,330.9722510550777,0,-164.695756960487
0.01591869701827968,339.1914331520562,0,-163.1565099326352
1.500000000000001,2.309263891220326e-14,0.4999999393756845,-4.425040775058165
0.01507449095337862,286.2688248295555,0,-85.39174571548455
0.01061774366305322,347.5754249568195,0,-228.1431666971993
0.3215914151945723,108.467208707719,0,-857.9539877145643
0.06416547677298752,185.9185809290419,0,-315.0043471705405
0.1113202022219316,272.1426505519475,0,-250.7649884415232
0.05412435657905302,256.8586361708959,0,-142.8408942239526
0.00530816935631024,357.275372307126,0,-305.0408558717797
1.985752832009056e-14,2.100425746993572,0.07362906506373806,-2.992063626796893
1.417318643400957e-14,2.691368012114666,0.05044657952307724,-3.690410381105379
1.019068220050103,0.0003178484369090739,0.4928879123602719,-7.352073643440643
1.332452750168795,0.0531427467579757,0.4088411014075621,-4.956215002228692
1.985752832009056e-14,1.775227500327716,0.09136822784407028,-4.272937405321931
2.269969926313108e-14,1.9373949792955,0.08197583130612524,-3.313210334911603
2.269969926313108e-14,1.9373949792955,0.08197583130612524,-3.313210334911603
1.524911866620697e-14,1.765626659333644,0.09196212091297967,-3.778595487826888
2.269969926313108e-14,1.854863926171975,0.08660937455328066,-3.875069100835283
1.985752832009056e-14,1.775227500327716,0.09136822784407028,-4.272937405321931
9.4374625180299,1.786531314944739,0.09067467977864507,-8.092119542837445
1.591239045290951e-13,1.10056278882027,0.1470713144613763,-3.718776523334767
1004.989766298462,13.8469297403095,9.91602504329947e-05,-12.37007761747314
17.59957380455176,8.63840117169218,0.001645750817242553,-12.62212203305287
1004.989766298462,4.504065754383973,0.01690718166390781,-7.754673671837535
0.1506244489799746,5.595524044110789e-14,0.4999999056307619,-3.233159283760369
0.0697727059230477,228.4713878859892,0,-280.1556601520779
0.01010869237500487,366.2346380481569,0,-205.1273616989706
0.0732744166580046,273.6539486480696,0,-125.303419247304
0.9472975993113848,0.4416775864679039,0.2531569326525284,-738.3007590143297
0.02319425574511606,299.8633838036363,0,-338.9906015155976
0.1625302038868303,200.8155458430419,0,-254.5758808702246
0.04741139834097359,299.1777452541851,0,-97.45303281415347
0.1648553588255124,172.2462328350782,0,-314.3208981421391
0.7244650203303524,13.04202496222274,0.000152289299656605,-861.501412812722
0.1104781051371669,216.4650150518628,0,-464.5987439409212
0.3257966797814171,109.9806330806457,0,-500.7947874589688
1.072794430265951,1.176836406102695e-14,0.4999999567219072,-2.198241588757834e-14
1.072794430265951,1.176836406102695e-14,0.4999999567219072,-2.198241588757834e-14
1.072794430265951,1.176836406102695e-14,0.4999999567219072,-2.198241588757834e-14
1.072794430265951,1.176836406102695e-14,0.4999999567219072,-2.198241588757834e-14
0.02971224229059212,171.8266997130364,0,-183.5100294169911
0.04016865680913483,284.1410642418414,0,-386.9786330593164
0.901454872874545,1.517897493946975,0.1089689713069813,-838.5989203784046
1.072794430265951,1.176836406102695e-14,0.4999999567219072,-2.198241588757834e-14
0.1471299048492855,173.2950938530498,0,-269.9954417198934
0.01268998065095419,144.7932666299971,0,-843.8688833543587
0.01979836604255624,179.2460743475797,0,-196.6171447322862
0.3866033032016109,77.43881750208493,0,-651.7713592768609
0.4842217554684058,31.89517039490147,8.136061879771006e-09,-413.6403555608439
0.03752985712705736,262.7000401857628,0,-240.5767633875394
1.274093871173135,10.78365530486053,0.0005120013309653504,-1157.466482178426
0.3538013212917719,86.95451042503089,0,-505.0982619871497
1.072794430265951,1.176836406102695e-14,0.4999999567219072,-2.198241588757834e-14
0.3282721468839581,92.56812151010399,0,-526.435772601022
0.2393666291462243,81.97836167073933,0,-222.5250236941902
0.2708133448040562,129.2210935969281,0,-455.9310820465428
0.006996925410293888,270.9413318862309,0,-133.362538024294
0.02556773634106625,271.6380942804375,0,-170.5564890018634
0.02039247553419734,259.2456215436775,0,-167.3871231826473
0.007991173410546976,234.7509583088696,0,-52.40741728203746
1.072794430265951,1.176836406102695e-14,0.4999999567219072,-2.198241588757834e-14
0.3002723438347021,81.43310975416159,0,-339.1329713038017
0.01486632400565228,365.3523442852669,0,-275.5931005567713
0.03474013222674052,286.407117688776,0,-111.4578945992506
0.2870610068225525,147.2505583939927,0,-383.2450464805638
0.066121167956236,290.0584330340428,0,-146.6704316880599
0.2341490680896269,141.1982020926978,0,-667.483358355953
0.01369850975052576,268.0999246582919,0,-414.1746445404706
0.6591407204459313,17.28873374769341,1.605424644857134e-05,-682.0566745201312
1,0,1,0
4.004733053112191e-17,324.5650449182497,0,-71.56079533422964
0.01097534264364096,335.6643815662768,0,-94.92516071865043
0.01378979932809763,266.7771861277924,0,-101.3365450350811
0.005990139334190244,315.8732764728118,0,-162.7746669580866
0.08476805303775724,227.1137783091474,0,-579.4890976873768
0.009348774747325574,200.2310584803199,0,-917.7026897669506
0.02386185297675726,220.3368882898585,0,-441.2988966173241
0.02414103259983479,286.7313665137727,0,-72.95193322180182
1.072794430265951,1.176836406102695e-14,0.4999999567219072,-2.198241588757834e-14
0.005302915907568809,357.6558284675267,0,-97.67392472938235
0.04442518782647972,251.0239851099614,0,-133.6125449499409
5.114956077737342e-17,369.9143743802523,0,-248.0594779447284
0.02398209991089093,290.1798849963968,0,-208.4550558234068
0.04763258335529942,231.9872921388593,0,-219.319761677678
0.04771300603859815,231.530312889549,0,-462.0853033356621
0.112189153453587,234.1647655191061,0,-268.5030417155268
0.06940584020757486,147.5516051476992,0,-318.605849326641
0.2063033806423526,154.5142529935451,0,-610.8824089097839
0.2596502627615215,134.2881857705675,0,-835.7409642685994
1.219705481095342,2.486899575160351e-14,0.4999999370871746,-3.431961395856445
0.999980000199998,1.243449787580175e-14,0.4999999555139145,-4.297788469291243
0.3241071607959528,127.82424101584,0,-477.9729337203994
0.7173008054735747,13.92541557182312,9.510452741151587e-05,-1024.410240275255
0.02616471384911718,327.2785464804677,0,-140.6722552482931
0.03037229385027089,278.0109998953743,0,-382.1974928247724
0.08855479417913721,199.7168035887064,0,-291.2537171467982
0.1099653309951843,184.1995756539807,0,-491.5778729615533
0.006846183639725871,277.3805831775356,0,-197.467197670098
0.005039550155626385,377.3948486647274,0,-423.783292254181
0.005007474494886224,379.3992525940888,0,-384.8931682760514
0.03622095058077237,272.7347565246367,0,-240.8247139225678
1.190609894973869,4.999562871995295,0.01267686062349982,-978.9044039713283
0.01811693263767255,294.082640378922,0,-487.1128344169992
0.03120517868453567,269.7869532510593,0,-405.7350328304731
0.1968765519460914,148.2669346306686,0,-503.863914904678
0.6022222031178538,33.50946946827435,3.545893745293682e-09,-887.6564599924072
0.1478836157609786,188.022710668484,0,-646.8285249572743
1.072794430265951,1.176836406102695e-14,0.4999999567219072,-2.198241588757834e-14
0.0239656808836768,218.0812011043712,0,-62.74061716881276
0.005482490356870322,345.3927520772193,0,-193.5425119918691
0.04842614232292187,259.4457753258282,0,-125.4481363338139
0.01980223444798315,179.3592338568245,0,-176.529001540558
0.04686947123544896,441.3228599413573,0,-94.62772772839934
0.0119870443244861,306.2873943970449,0,-95.583682607844
0.02123018052177424,331.2028629248998,0,-427.3324454879789
0.2557915945139972,129.1701590957265,0,-348.4496636821773
0.152316360793398,186.4851578913739,0,-217.8618643344086
0.02382442416899585,293.9632382032112,0,-76.83460479671024
0.2514034482983392,114.9515115028553,0,-333.2858650726313
0.01798719870411596,297.8063209969257,0,-103.8695095755943
1.072794430265951,1.176836406102695e-14,0.4999999567219072,-2.198241588757834e-14
0.5305305882572844,51.33637837997594,3.890776589798861e-13,-568.655945624969
0.0793505308375244,142.5066956068844,0,-178.8751816896463
0.2422331718455361,136.4875798768547,0,-278.6361567498672
1.072794430265951,1.176836406102695e-14,0.4999999567219072,-2.198241588757834e-14
0.2399470105481014,138.5631216083638,0,-273.253018986017