dN/dS,LRT,p-value,Log(L)
0.04530294232862009,667.2107697831984,0,-140.9965292110463
0.5954935811225334,53.03444613281295,1.638689184346731e-13,-892.7505626623584
0.376773980104426,139.4988097155845,0,-722.5673755132734
0.8181818181818181,5.329070518200871e-15,0.4999999708770209,-2.031708135064057e-14
1.206795480201989,11.17263847416507,0.00041506244629963,-1730.978288436173
0.7058668540862966,28.12889570283596,5.674928371668386e-08,-1095.510079006173
0.8972722919219858,3.006750653444669,0.04145917835272439,-1328.883046386155
1.274409273443921,16.83307039398505,2.040790090546141e-05,-1740.811050781663
0.8181818181818181,5.329070518200871e-15,0.4999999708770209,-2.031708135064057e-14
0.5387780251013589,3.197442310920451e-14,0.4999999286635613,-3.610036741113515
0.6996573099396819,3.019806626980426e-14,0.4999999306734429,-3.393780145887652
0.8181818181818181,7.105427357601002e-15,0.4999999663716803,-4.39934403001582
0.9281185402728608,1.243449787580175e-14,0.4999999555139145,-4.423051194452415
0.7605680709204807,17.47123592815979,1.458438236962012e-05,-1168.175290457899
0.393710041212779,137.9292286647692,0,-964.3811810215946
1.576364348507838,63.60897827825647,7.771561172376096e-16,-1724.297663135911
1.47469589379645,47.52922234366133,2.709499291597695e-12,-1896.547401321902
2.115336760241956,5.697058497468348,0.00849668461376285,-59.38701016519764
4.715351030273272e-15,1.714877158425081,0.09517690248948774,-4.61560062524172
6.297906827163664,8.157818991763151,0.002143795103676016,-19.52490459546396
0.591098337273925,1.597618075231445,0.1031205455695551,-28.65455690684143
2.293762390857001,9.705356197816855,0.0009186585374077461,-95.5292976477682
2.682344101304471,15.27849162495184,4.638340094126336e-05,-97.08007162707564
1.633200205973401,2.966156100398592,0.04251183036655065,-123.9422155292865
5.626179105134361,35.51125622302933,1.267904725654745e-09,-97.0512685555766
8.088146571535404,38.31392571347689,3.011564331245609e-10,-108.9434274222044
8.197560893787509,180.0747200568152,0,-289.3818098762768
1.148592002338091,5.463031873679938,0.009711458574087839,-1607.393802006083
1.222222222222223,1.77635683940025e-14,0.4999999468289579,-4.615600625241698
0.1996620247042426,294.3285345277809,0,-937.0975510611893
1.244534998738998,13.5380632159754,0.0001168867575707111,-1931.849081980114
0.580612218333192,58.8282933864275,8.604228440844963e-15,-1111.838529537511
0.2057449031056348,262.1601481660566,0,-595.6526234329893
0.2365153081075113,220.3764171692142,0,-796.2451423314767
3.43017402414023,13.38470218293284,0.0001268424646652666,-89.33604744004377
1.425298754464069,0.3441490993216405,0.2787220090554702,-24.09239249505509
1.444441346988648,0.4228203404286432,0.2577665468122891,-30.56845940465681
434.0190433560676,2.540054554681509,0.05549547575223429,-7.118903469884811
1.222438376275686,2.309263891220326e-14,0.4999999393756845,-4.615600625241696
1.499843759765015,2.309263891220326e-14,0.4999999393756845,-4.565725070190322
0.9997509227562091,2.664535259100376e-15,0.499999979406944,-3.994747174198696
0.976718123448348,0.0004405170327679286,0.4916274156094554,-6.121189683600074
0.8913368496931345,0.01259493904821696,0.4553216409506064,-8.358502033230371
1.776074254388181,0.3054442958063852,0.2902446480853624,-11.15397628396279
0.1662006798773305,297.3050774713035,0,-851.8878904015057
0.8103248676894836,13.33372104898217,0.0001303378649609166,-1456.197788239354
0.558692375189992,47.22338226484862,3.167022200045722e-12,-1606.832767102841
0.3658192599156865,193.4483317301972,0,-835.2009273436828
0.5923998115636444,51.77745693908264,3.108069357438126e-13,-1420.781548832817
0.2318015091684293,3.473060579821933,0.03118790026311247,-21.44303460596936
0.8181818181818181,5.329070518200871e-15,0.4999999708770209,-2.031708135064057e-14
0.8181818181818181,5.329070518200871e-15,0.4999999708770209,-2.031708135064057e-14
0.5411493200938698,72.63520007909437,0,-865.6866756405095
0.9039572863195088,2.928556615181606,0.04351263265028488,-1486.405071992855
0.8018341281421858,11.26121819424725,0.0003957162748520759,-1568.915285626753
2.366591570203182,300.1623286495305,0,-2458.25999535508
2.183701709912491,214.2225998662661,0,-2461.301892932758
3.537723355008644,60.11737019945122,4.440892098500626e-15,-251.5562848114781
3.739942684663386,27.64079966456924,7.303257121282769e-08,-98.72356445101762
3.531298983981383,5.485663452200427,0.009586521125249603,-39.34573903421605
1.676615186029998,0.442696643836932,0.2529118818957059,-16.89710124139969
255.9640153117992,6.901761775727614,0.004305542543422414,-11.93482414726453
36.25907475606299,6.351668344830756,0.005863548127915563,-11.72144861808883
5.593706653203914,2.477598047932709,0.0577392433926413,-11.36279476949734
1.334002095391657,0.1047369310413515,0.3731087621767094,-9.513818773182606
0.3780893731987945,1.039256556965185,0.1539972200939176,-11.6416057654239
3.620326012433667,3.65124881552061,0.02801359351145166,-19.4274791957254
0.8508926442605435,4.610097753838545,0.01589211068588947,-1316.452276426723
0.01378641365399783,526.2406285466486,0,-428.3328533363169
0.01440516817616773,501.6504041803903,0,-302.8870387664788
0.08311550219819198,399.9671343607629,0,-936.2293396256794
0.8181818181818181,5.329070518200871e-15,0.4999999708770209,-2.031708135064057e-14
0.01697200274010222,422.0790591157878,0,-117.960004555469
0.009267520140182084,601.2624673662644,0,-336.8184266233849
0.02070856478725908,509.3439668345042,0,-321.6509129112058
0.006876967154549408,549.9348399791475,0,-374.0091666071702
0.03845234407031842,469.2078178566471,0,-535.262455264613
0.7560079383856176,16.12943488198107,2.957871087344577e-05,-1238.559311427498
0.4273344285302565,119.2567021620421,0,-1011.201860781138
0.07635885644423684,427.9399607285816,0,-424.9195501389573
1.059972613415415,0.8485227750306876,0.1784852868669258,-1808.550535338568
0.3425593372928967,151.8006699178097,0,-874.0107626103918
0.1941967844457341,258.6536058071958,0,-702.4075089102419
0.01997364697050512,353.8393877256578,0,-842.5174124854158
0.01921140708009222,554.7965106310752,0,-452.3156298171255
0.00320802989664015,600.8276082093096,0,-125.6783955652407
0.02312181673449943,527.3581470963024,0,-421.6718807011707
0.01926414366156275,368.6676231807736,0,-264.5153371708297
0.2171710169703906,287.969429173718,0,-565.8503271159212
0.03313435326450764,504.3488952430583,0,-398.9630053422383
0.5122345398035443,79.4719111218451,0,-1150.70735926153
0.3167296451881831,143.3575670062817,0,-560.5231271919232
1.469458965451852,50.50585221996971,5.9402482932569e-13,-2258.067688786059
1.352598098813746,26.07491371338847,1.642117569700119e-07,-1827.298494970991
0.006653243689492147,562.7725983073443,0,-469.6296783114788
1.212329050212197,10.504138091394,0.0005955375187998713,-1896.690582794332
0.006207030428975233,609.7294437520848,0,-215.3332019028255
0.01620190190796772,551.9935292924555,0,-175.6960503075703
0.2888866207758743,192.5084034831752,0,-1084.051344615748
0.003295002882546021,581.6670380883596,0,-448.8871102669571
0.01441488956133332,501.2762283693403,0,-336.7088207958282
0.08158405524075917,447.1111324419941,0,-302.7582526955489
0.009889403857283631,561.3286814369346,0,-365.2042521015999
0.006416738355657887,590.0376699492397,0,-171.6295071462652
0.01033558476293697,535.1913637851794,0,-428.5707484601238
0.003433959975054552,561.2027271537222,0,-277.9828012741559
0.03962966961058975,450.959475099116,0,-298.8368640339347
0.04494968301460411,531.2458031069563,0,-329.7646345753565
5.114956077737342e-17,574.5744269161825,0,-437.9420126384586
0.6878019984938772,30.98168457006159,1.302374397216255e-08,-1231.472781729862
0.006874046332998415,550.1178745772044,0,-192.3429828938578
0.3235516673380865,139.9224159538282,0,-648.326281502592
0.03670784708431747,491.5304382589237,0,-335.2728262794745
1.48713363264413,54.59726073152615,7.399636459126668e-14,-1941.269920642339
0.4135536779427721,90.40554542279551,0,-1136.684170870468
2.804502661847769e-15,6.722303436423481,0.004760728804541092,-9.348394026071437
2.247319215969494,258.418276390661,0,-2244.627940186386
0.04244041729233344,492.9935774680805,0,-194.7274058454097
0.09069394610589744,387.569681856796,0,-563.5935489667961
0.06512080883855952,407.9118799878268,0,-309.4249713634524
1.222222222222223,8.881784197001252e-15,0.4999999624023956,-4.079844624754869
0.02330949245369736,520.7768110044515,0,-252.0523532510225
1.098439854515458,2.484001721422828,0.05750465044139785,-1766.774478378516
0.02563769966858626,540.0920849527129,0,-189.3467759956164
2.269969926313108e-14,3.782385359964092,0.02589738631000094,-6.143164248035614
0.2269882187689944,253.7148054881477,0,-924.6164649985119
0.1899234795027423,391.9150972291264,0,-480.1670861533175
0.4735784526174894,88.17640021297439,0,-797.1086909021
0.0291812040891131,521.5336726450812,0,-221.2501977345798
0.7860903467830388,14.05917242466057,8.857386316479809e-05,-1510.541836529396
0.01183130777703795,773.4447209766454,0,-44.50406238384636
0.09366887097979025,384.7401297185534,0,-592.5574352975855
0.5080820777566594,85.33395765324167,0,-1133.94692162174
0.01263958581734167,433.9298234655662,0,-617.6112135499906
0.007097006058799745,792.1604983249565,0,-32.28516171204117
0.8181818181818181,5.329070518200871e-15,0.4999999708770209,-2.031708135064057e-14
0.3588036190264881,166.4288205743326,0,-777.4790763829574
0.2913597368421439,194.9895982313049,0,-877.1664730632784
0.02095132252561387,586.1882357253266,0,-242.6823123865449
0.4302429116714071,126.9248265317156,0,-772.5399310738251
0.06642166093839613,420.2444786396711,0,-704.6287130307368
0.8181818181818181,5.329070518200871e-15,0.4999999708770209,-2.031708135064057e-14
0.1485885729989427,391.8858979444772,0,-628.616115996315
0.1803925791621886,193.5968041505309,0,-723.8713698032708
0.08428515345643155,457.6609080670403,0,-522.3795502517817
0.5476724843335141,55.17976939463733,5.501155087017651e-14,-904.6867687231654
0.106960653094998,453.4648207483888,0,-761.3266857825197
0.1030356253311313,348.8025694823591,0,-746.8558434748709
0.006870081758616848,550.4449377884973,0,-258.5307368480342
0.017138905777057,556.6522223355896,0,-168.0970667365898
0.03104978641788465,487.8652399093518,0,-415.8612187423302
0.3291229974006181,156.8549362579836,0,-864.8725981464022
0.1205785453279208,243.2959606779125,0,-717.3801373507183
0.03970608447826878,449.9458196222291,0,-466.8545614489834
0.02418387673335243,505.8009296386601,0,-345.4574238476996
0.09262980338295318,367.1110968748776,0,-569.0629399523735
0.009626598302947214,580.2638235615638,0,-241.7609220464764
0.1006516199795758,375.4164051717273,0,-719.9525622632401
0.1708252777436528,278.0496198215585,0,-806.2578553692964
0.05868165391986838,286.8563635055702,0,-643.2792962352828
1.518433670832836,58.41325582886748,1.060262988517024e-14,-2338.087990565028
0.01929233429469545,553.3038491968458,0,-456.4656615520632
1.810781674202853,117.8729560108295,0,-2583.836994107327
1.689294530025927,100.7429009571151,0,-2250.933633095022
4.654562400656261,1132.27778867374,0,-4131.755540073845
4.718700603003467,1194.644523687435,0,-4028.866354408727
6.610884755998753,1972.036087827086,0,-4275.317768271894
3.578911870231225,726.9743230338836,0,-3741.014470867215
4.84535642054113,1267.94205809101,0,-3917.547739965183
4.133136556373322,957.7164183669756,0,-3940.151592491789
4.880867190241457,1220.367428011136,0,-4090.951673443986
5.308444906198668,1344.472032505953,0,-4174.346545295598
5.19070036598081,1245.115785394902,0,-3896.94853418194
5.83483041417614,1422.518294807462,0,-3922.001481430254
4.428869552223621,429.4545421585649,0,-1601.757847716174
4.834847578921542,411.6344772162465,0,-1372.562108400678
3.972969152507319,267.3081434458263,0,-1113.799034631973
4.18457281228211,180.3500386813712,0,-700.6017697466303
3.47954916847831,90.48522912259295,0,-474.7486627825321
3.318687157472731,40.81933615009649,8.348638447230883e-11,-213.6548181816132
1.567088601370617,0.6665040330949665,0.2071365609644709,-24.63418034854821
3.875383422384783,5.392999239875763,0.01010884589651245,-32.04502589771865
1.85974894505709,1.514459280393297,0.1092299493724804,-23.53854477454625
228.1955772416065,0.7082161689960991,0.2000183186919428,-8.156320117579824
0.9992363596646521,0,0.5,-3.713148745669427
0.9999600007999838,6.217248937900877e-15,0.4999999685435873,-3.993963590139942
1,0,0.5,-4.313332189921709
8.178876104981194,5.912454507847205,0.007517105019339665,-12.50166625457916
1.633207596646223,0.4055532966508437,0.2621175745537226,-14.17132993996817
3.476680421240737,4.484354405546433,0.01710323182843199,-24.34132169012226
1.120981543016911,0.06167388527077122,0.4019347964958554,-28.47507009016215
3.45524431474255,9.588418099544327,0.0009790428670200524,-55.08960276201333
1.764179093511857,3.523805146330545,0.0302467066634019,-86.1404082312188
3.037435223271674,14.68105198022451,6.36599031493823e-05,-100.8105943739038
3.602438965900926,30.24685672156619,1.902036234069371e-08,-151.0946523562903
4.145550301958787,49.04810689313854,1.248778858098376e-12,-197.1199880503484
4.471938016227352,58.62655608928895,9.547918011776346e-15,-202.260685971814
3.453517106145544,50.92908562059324,4.7883919052083e-13,-261.7696816218656
4.020285033527346,541.144024207445,0,-2041.728204621762
4.232533664929012,634.3902163594794,0,-2462.753260350076
5.767569209240769,1043.741440372079,0,-2913.078336507517
5.198249401366751,1054.524428209568,0,-2997.427973925188
4.14339167379588,1058.079261265091,0,-3834.804807414234
2.799577648564937,459.4936928165107,0,-2815.078233156278
1.03688077203156,0.3476156112201352,0.2777329940192803,-1679.978097567244
1.270885514028537,20.73132865860134,2.642215999160147e-06,-1842.871578895273
0.8906942428803795,2.979449864800245,0.04216396545300849,-1358.491097257551
0.2282839769146442,254.2796482114522,0,-876.1432877207786
0.02081139044685504,547.7788617016411,0,-364.6061022667949
0.2390523755484722,212.7080845314811,0,-605.1783951410968
0.07760460722678296,439.0536822772801,0,-474.5627026168711
0.4509843723396975,108.2273986348127,0,-1029.296226152648
1.784052666649416,122.5411156851142,0,-2165.222262177945
0.2737673784967524,194.7367467542824,0,-799.7544277169377
0.3904034254701093,123.4595879356166,0,-842.107738814442
1.777684392228498,120.948543371388,0,-2294.98889171606
1.535717173323829,59.28992298511184,6.827871601444713e-15,-2105.409533273506
1.331255374582864,25.23259464611419,2.540804531769858e-07,-1862.04032797447
0.5421515077529055,75.9506657823058,0,-1100.58792871285
0.6125729157107122,43.61552456954587,1.998279319792573e-11,-1250.43646772201
2.505805127656531,345.9632597702885,0,-2823.678525392283
2.417866845481111,262.4711716992588,0,-2548.518261227247
0.9257864984573163,1.77635683940025e-14,0.4999999468289579,-4.423051194452413
1.72837953118509,94.2141083969309,0,-2256.854120621251
1.40805480929648,36.42046447736629,7.951236336012357e-10,-2096.981705886317
1,0,0.5,-3.479661180502577
1.525077828619166,49.99363353897388,7.71216424055865e-13,-1651.897565381488
0.1375125844098124,334.5572859962276,0,-751.05431589906